
Computer 1: [+0.477, -0.028, +0.731, +0.278, -0.707, +0.513, +0.032, +0.599, -0.372, -0.061, -0.599, +0.311, -0.704, -0.303, +0.635, +0.534, -0.367, +0.195, -0.019, +0.797, -0.585, +0.547, +0.836, +0.149, -0.004, -0.136, -0.021, +0.898, -0.157, -0.734]
Computer 2: [-0.630, -0.975, -0.581, +0.940, -0.879, -0.407, +0.522, +0.677, -0.454, -0.609, -0.048, +0.549, +0.157, +0.099, -0.349, +0.715, +0.221, +0.058, +0.478, +0.250, -0.693, -0.468, -0.227, -0.978, +0.958, +0.254, -0.398, -0.477, -0.296, -0.828]

Computer 1: [+0.477, -0.028, +0.731, +0.278, -0.707, +0.513, -0.118, +0.713, -0.372, -0.237, -0.599, +0.311, -0.704, -0.303, +0.635, +0.687, -0.442, +0.215, +0.063, +0.797, -0.585, +0.547, +0.836, +0.149, -0.004, -0.136, -0.222, +0.898, +0.045, -0.734]
Computer 2: [+0.477, -0.092, +0.731, +0.278, -0.827, +0.338, +0.032, +0.599, -0.372, -0.061, -0.599, +0.311, -0.704, -0.303, +0.419, +0.534, -0.367, +0.195, +0.102, +0.797, -0.585, +0.547, +0.836, +0.149, -0.004, -0.136, -0.021, +0.898, -0.157, -0.734]

Computer 1: [+0.700, -0.092, +0.731, +0.278, -0.827, +0.338, +0.032, +0.599, -0.372, +0.010, -0.599, +0.474, -0.704, -0.303, +0.542, +0.534, -0.522, +0.195, +0.102, +0.797, -0.585, +0.465, +0.836, +0.149, +0.096, -0.136, -0.021, +0.898, -0.157, -0.734]
Computer 2: [+0.477, -0.028, +0.731, +0.278, -0.707, +0.513, -0.118, +0.713, -0.372, -0.237, -0.599, +0.311, -0.704, -0.303, +0.635, +0.687, -0.442, +0.215, +0.063, +0.797, -0.585, +0.547, +0.836, +0.149, -0.004, -0.136, -0.222, +0.898, +0.045, -0.734]

Computer 1: [+0.700, -0.092, +0.731, +0.355, -0.827, +0.338, +0.032, +0.599, -0.372, +0.010, -0.599, +0.474, -0.704, -0.303, +0.542, +0.534, -0.522, +0.224, +0.102, +0.581, -0.709, +0.465, +0.836, -0.053, +0.096, -0.136, -0.021, +0.898, -0.157, -0.734]
Computer 2: [+0.700, -0.092, +0.731, +0.278, -0.827, +0.338, +0.032, +0.599, -0.372, +0.010, -0.599, +0.474, -0.704, -0.303, +0.542, +0.534, -0.522, +0.195, +0.102, +0.797, -0.585, +0.465, +0.836, +0.149, +0.096, -0.136, -0.021, +0.898, -0.157, -0.734]

Computer 1: [+0.700, -0.092, +0.731, +0.278, -0.827, +0.338, +0.032, +0.599, -0.372, +0.010, -0.599, +0.474, -0.704, -0.303, +0.542, +0.534, -0.522, +0.195, +0.102, +0.797, -0.585, +0.465, +0.836, +0.149, +0.096, -0.136, -0.021, +0.898, -0.157, -0.734]
Computer 2: [+0.700, -0.332, +0.731, +0.355, -0.965, +0.338, +0.032, +0.599, -0.372, +0.010, -0.599, +0.474, -0.704, -0.303, +0.351, +0.534, -0.522, +0.224, +0.102, +0.581, -0.709, +0.465, +0.638, -0.053, +0.096, -0.136, -0.021, +0.656, -0.157, -0.734]

Computer 1: [+0.700, -0.332, +0.731, +0.355, -0.965, +0.338, +0.032, +0.599, -0.372, +0.010, -0.599, +0.474, -0.704, -0.303, +0.351, +0.534, -0.522, +0.224, +0.102, +0.581, -0.709, +0.465, +0.638, -0.053, +0.096, -0.136, -0.021, +0.656, -0.157, -0.734]
Computer 2: [+0.809, -0.092, +0.738, +0.278, -0.772, +0.338, +0.116, +0.441, -0.372, -0.009, -0.599, +0.474, -0.704, -0.303, +0.542, +0.398, -0.522, +0.195, +0.102, +0.797, -0.585, +0.465, +0.836, +0.252, +0.096, -0.136, -0.137, +0.898, -0.044, -0.692]

Computer 1: [+0.700, -0.332, +0.731, +0.355, -0.965, +0.338, -0.084, +0.599, -0.372, +0.010, -0.794, +0.474, -0.704, -0.303, +0.351, +0.534, -0.522, +0.079, +0.102, +0.581, -0.709, +0.465, +0.638, +0.164, +0.335, -0.233, -0.021, +0.656, -0.157, -0.530]
Computer 2: [+0.700, -0.332, +0.731, +0.355, -0.965, +0.338, +0.032, +0.599, -0.372, +0.010, -0.599, +0.474, -0.704, -0.303, +0.351, +0.534, -0.522, +0.224, +0.102, +0.581, -0.709, +0.465, +0.638, -0.053, +0.096, -0.136, -0.021, +0.656, -0.157, -0.734]

Computer 1: [+0.700, -0.332, +0.959, +0.355, -0.965, +0.153, +0.025, +0.599, -0.388, +0.010, -0.794, +0.474, -0.662, -0.303, +0.351, +0.534, -0.522, +0.079, +0.102, +0.786, -0.709, +0.427, +0.638, +0.164, +0.335, -0.233, -0.021, +0.656, -0.104, -0.530]
Computer 2: [+0.700, -0.332, +0.731, +0.355, -0.965, +0.338, +0.078, +0.669, -0.372, +0.010, -0.599, +0.243, -0.704, -0.303, +0.351, +0.534, -0.522, +0.224, +0.102, +0.468, -0.709, +0.465, +0.638, +0.006, +0.096, -0.136, -0.021, +0.756, -0.157, -0.734]

Computer 1: [+0.645, -0.468, +0.731, +0.355, -0.965, +0.338, +0.078, +0.669, -0.431, +0.159, -0.438, +0.243, -0.683, -0.303, +0.351, +0.534, -0.522, +0.224, +0.102, +0.468, -0.839, +0.465, +0.776, +0.006, +0.096, +0.025, -0.021, +0.900, -0.157, -0.726]
Computer 2: [+0.700, -0.332, +0.959, +0.355, -0.965, +0.153, +0.025, +0.599, -0.388, +0.010, -0.794, +0.474, -0.662, -0.270, +0.351, +0.534, -0.522, +0.232, +0.102, +0.786, -0.709, +0.427, +0.638, +0.164, +0.335, -0.233, -0.021, +0.656, -0.104, -0.529]

Computer 1: [+0.645, -0.468, +0.731, +0.355, -0.965, +0.338, +0.020, +0.669, -0.431, +0.159, -0.438, +0.243, -0.683, -0.303, +0.525, +0.338, -0.522, +0.451, -0.142, +0.468, -0.839, +0.465, +0.776, +0.006, +0.096, +0.025, -0.182, +0.900, -0.157, -0.726]
Computer 2: [+0.645, -0.468, +0.731, +0.355, -0.965, +0.338, +0.078, +0.512, -0.431, +0.276, -0.438, +0.243, -0.683, -0.303, +0.434, +0.534, -0.727, +0.204, +0.102, +0.512, -0.839, +0.465, +0.776, +0.006, +0.096, -0.072, -0.253, +0.806, -0.116, -0.726]
