
Computer 1: [+0.839, -0.415, -0.237, +0.978, +0.879, +0.059, -0.907, -0.173, +0.461, -0.503, +0.837, -0.252, +0.074, -0.356, +0.039, -0.202, +0.030, +0.199, -0.033, -0.696, +0.782, +0.935, +0.574, +0.188, -0.139, -0.249, -0.592, +0.880, -0.059, -0.941]
Computer 2: [+0.648, -0.413, +0.013, +0.010, +0.035, +0.069, +0.100, +0.328, +0.088, -0.831, +0.542, -0.965, +0.978, +0.319, -0.962, +0.707, -0.319, -0.221, +0.022, -0.143, -0.670, +0.515, +0.979, +0.125, +0.233, +0.535, +0.335, -0.809, +0.677, -0.856]

Computer 1: [+0.648, -0.413, +0.013, +0.010, +0.035, +0.023, +0.100, +0.328, -0.047, -0.831, +0.542, -0.965, +0.737, +0.319, -1.169, +0.707, -0.319, -0.017, +0.022, -0.143, -0.670, +0.515, +0.979, +0.125, +0.233, +0.535, +0.581, -0.809, +0.850, -0.856]
Computer 2: [+0.648, -0.413, +0.021, -0.095, +0.035, +0.069, +0.100, +0.251, +0.088, -0.831, +0.542, -1.172, +0.978, +0.499, -0.962, +0.707, -0.367, -0.362, +0.022, -0.137, -0.670, +0.515, +0.979, +0.125, +0.233, +0.535, +0.335, -0.826, +0.677, -0.626]

Computer 1: [+0.922, +0.905, +0.333, +0.960, -0.666, -0.218, -0.163, -0.101, +0.065, +0.611, +0.709, -0.962, -0.025, -0.360, +0.964, -0.816, -0.433, -0.043, -0.198, +0.170, -0.725, +0.925, +0.273, +0.830, -0.197, -0.509, +0.505, -0.902, +0.448, -0.461]
Computer 2: [+0.648, -0.413, +0.013, +0.085, +0.035, +0.023, +0.100, +0.302, -0.047, -0.921, +0.782, -0.881, +0.920, +0.319, -1.169, +0.542, -0.319, -0.017, +0.022, -0.143, -0.589, +0.515, +1.168, +0.125, +0.233, +0.535, +0.581, -0.809, +0.850, -0.730]

Computer 1: [+0.922, +0.905, +0.333, +0.960, -0.666, -0.218, -0.163, -0.101, +0.065, +0.611, +0.709, -0.962, -0.025, -0.465, +0.964, -0.816, -0.433, -0.043, -0.198, +0.170, -0.725, +0.925, +0.273, +0.830, -0.197, -0.509, +0.505, -0.902, +0.448, -0.529]
Computer 2: [+1.102, +0.818, +0.333, +0.960, -0.666, -0.305, -0.163, -0.101, +0.113, +0.803, +0.709, -0.962, -0.025, -0.259, +0.964, -0.816, -0.208, -0.043, -0.198, +0.170, -0.725, +0.925, +0.273, +0.830, -0.197, -0.509, +0.505, -0.842, +0.448, -0.461]

Computer 1: [+0.922, +0.905, +0.333, +0.960, -0.666, -0.218, -0.163, -0.101, +0.065, +0.611, +0.709, -0.962, -0.025, -0.465, +0.964, -0.816, -0.433, -0.043, -0.198, +0.170, -0.725, +0.925, +0.273, +0.830, -0.197, -0.509, +0.505, -0.902, +0.448, -0.529]
Computer 2: [+1.102, +0.818, +0.333, +0.960, -0.666, -0.305, -0.163, -0.101, +0.113, +0.803, +0.709, -0.962, +0.015, -0.252, +0.964, -0.816, -0.208, -0.043, -0.198, +0.385, -0.914, +0.950, +0.273, +0.632, -0.197, -0.509, +0.505, -0.842, +0.549, -0.461]

Computer 1: [+1.102, +0.818, +0.333, +0.960, -0.666, -0.305, -0.163, -0.101, +0.113, +0.803, +0.709, -0.962, +0.015, -0.252, +0.964, -0.816, -0.208, -0.043, -0.198, +0.385, -0.914, +0.950, +0.273, +0.632, -0.197, -0.509, +0.505, -0.842, +0.549, -0.461]
Computer 2: [+1.102, +0.818, +0.356, +0.960, -0.455, -0.305, -0.163, -0.101, +0.113, +0.803, +0.709, -0.962, +0.015, -0.252, +0.964, -0.816, -0.208, -0.043, -0.198, +0.341, -0.873, +0.950, +0.273, +0.632, -0.067, -0.509, +0.505, -0.842, +0.549, -0.461]

Computer 1: [+1.102, +0.818, +0.356, +0.960, -0.455, -0.305, -0.163, -0.083, +0.113, +0.803, +0.709, -0.962, +0.015, -0.252, +0.964, -0.816, -0.208, -0.043, -0.198, +0.341, -0.873, +0.819, +0.273, +0.562, -0.268, -0.509, +0.319, -0.842, +0.549, -0.461]
Computer 2: [+1.102, +0.818, +0.183, +0.960, -0.533, -0.305, -0.163, -0.101, +0.113, +0.803, +0.709, -0.962, +0.015, -0.327, +0.964, -0.892, -0.099, -0.043, -0.198, +0.385, -0.914, +0.950, +0.273, +0.632, -0.197, -0.259, +0.505, -0.842, +0.550, -0.461]

Computer 1: [+1.102, +0.818, +0.369, +0.960, -0.455, -0.305, -0.002, -0.083, +0.113, +0.803, +0.530, -0.962, +0.015, -0.464, +0.964, -0.816, -0.208, -0.043, -0.383, +0.341, -0.873, +0.819, +0.273, +0.562, -0.403, -0.509, +0.319, -0.917, +0.549, -0.461]
Computer 2: [+1.102, +0.818, +0.589, +0.960, -0.455, -0.305, -0.163, -0.083, +0.113, +0.803, +0.709, -0.919, +0.015, -0.174, +0.964, -0.569, -0.208, -0.043, -0.198, +0.203, -0.898, +0.819, +0.441, +0.562, -0.268, -0.509, +0.319, -0.842, +0.549, -0.364]

Computer 1: [+1.102, +0.818, +0.369, +1.084, -0.455, -0.158, +0.024, -0.083, +0.113, +0.803, +0.530, -0.962, +0.015, -0.464, +0.964, -0.816, -0.208, -0.010, -0.383, +0.341, -0.873, +0.819, +0.273, +0.562, -0.403, -0.509, +0.319, -1.041, +0.549, -0.595]
Computer 2: [+0.899, +0.818, +0.589, +0.960, -0.455, -0.305, -0.163, -0.083, +0.113, +0.803, +0.709, -1.063, +0.015, -0.174, +0.928, -0.569, -0.208, +0.115, -0.198, +0.203, -0.863, +0.819, +0.403, +0.562, -0.334, -0.509, +0.319, -0.902, +0.549, -0.364]

Computer 1: [+1.227, +0.777, +0.369, +1.084, -0.232, -0.158, +0.024, -0.162, +0.113, +0.831, +0.530, -0.962, +0.015, -0.464, +0.964, -0.816, +0.011, -0.010, -0.383, +0.341, -0.873, +1.025, +0.075, +0.594, -0.403, -0.509, +0.310, -0.985, +0.549, -0.595]
Computer 2: [+1.253, +0.818, +0.369, +1.293, -0.455, -0.158, +0.024, -0.275, +0.113, +0.803, +0.530, -0.962, +0.072, -0.464, +1.017, -0.816, -0.208, -0.010, -0.310, +0.341, -1.056, +0.819, +0.273, +0.664, -0.386, -0.509, +0.387, -1.041, +0.661, -0.595]

Computer 1: [+1.227, +0.777, +0.369, +1.084, -0.232, -0.158, +0.024, -0.162, +0.113, +0.831, +0.530, -0.962, +0.015, -0.464, +0.964, -0.816, +0.011, -0.010, -0.383, +0.341, -0.873, +1.025, +0.075, +0.594, -0.403, -0.509, +0.310, -0.985, +0.549, -0.595]
Computer 2: [+1.227, +0.777, +0.158, +0.974, -0.232, -0.158, +0.024, -0.162, +0.113, +0.831, +0.530, -0.962, +0.083, -0.464, +0.964, -0.816, +0.011, -0.250, -0.413, +0.341, -0.873, +1.025, -0.011, +0.697, -0.403, -0.509, +0.069, -0.985, +0.549, -0.595]

Computer 1: [+1.227, +0.777, +0.158, +0.974, -0.232, -0.158, +0.024, -0.162, +0.113, +0.831, +0.530, -0.962, +0.083, -0.464, +0.964, -0.816, +0.011, -0.250, -0.413, +0.341, -0.873, +1.025, -0.011, +0.697, -0.403, -0.509, +0.069, -0.985, +0.549, -0.595]
Computer 2: [+1.227, +0.777, +0.158, +0.974, -0.232, -0.158, +0.024, -0.162, +0.113, +0.831, +0.530, -1.191, +0.083, -0.464, +0.964, -0.754, +0.011, -0.250, -0.413, +0.341, -0.873, +1.008, -0.011, +0.697, -0.403, -0.509, +0.069, -0.985, +0.476, -0.788]

Computer 1: [+1.105, +0.777, +0.158, +0.974, -0.232, -0.158, +0.040, -0.096, +0.113, +0.831, +0.772, -1.191, +0.083, -0.464, +0.964, -0.754, +0.011, -0.250, -0.413, +0.341, -0.976, +0.834, -0.011, +0.697, -0.403, -0.509, +0.069, -0.985, +0.365, -0.788]
Computer 2: [+1.227, +0.777, +0.158, +0.974, -0.232, -0.158, +0.144, +0.054, +0.113, +1.004, +0.530, -1.049, +0.083, -0.446, +0.964, -0.816, +0.185, -0.250, -0.413, +0.261, -1.084, +1.025, -0.011, +0.697, -0.403, -0.509, -0.162, -0.985, +0.549, -0.595]

Computer 1: [+1.105, +0.777, +0.158, +0.974, -0.232, -0.158, +0.040, -0.096, -0.015, +0.831, +0.772, -1.191, +0.083, -0.464, +0.908, -0.754, +0.011, -0.250, -0.413, +0.315, -1.184, +0.834, -0.011, +0.697, -0.403, -0.509, +0.069, -0.985, +0.365, -0.788]
Computer 2: [+1.105, +0.777, +0.158, +0.974, -0.232, -0.158, +0.040, -0.096, +0.113, +0.831, +0.772, -1.191, +0.083, -0.464, +0.964, -0.754, +0.011, -0.250, -0.413, +0.341, -0.976, +0.834, -0.011, +0.697, -0.403, -0.509, +0.069, -0.985, +0.365, -0.788]

Computer 1: [+1.105, +0.777, +0.158, +0.974, -0.232, -0.158, +0.040, -0.096, +0.064, +0.845, +0.772, -1.143, +0.083, -0.464, +0.908, -0.754, +0.011, -0.250, -0.372, +0.315, -1.184, +0.819, -0.011, +0.697, -0.403, -0.509, +0.069, -0.985, +0.365, -0.788]
Computer 2: [+1.105, +0.777, +0.158, +0.974, -0.232, -0.158, +0.040, -0.096, +0.113, +0.831, +0.772, -1.191, +0.083, -0.464, +0.964, -0.754, +0.011, -0.250, -0.413, +0.341, -0.976, +0.834, -0.011, +0.697, -0.403, -0.509, +0.069, -0.985, +0.365, -0.788]

Computer 1: [+1.226, +0.742, +0.158, +1.066, -0.443, -0.060, +0.040, -0.096, +0.064, +0.845, +0.772, -1.245, -0.045, -0.643, +0.908, -0.754, +0.011, -0.250, -0.228, +0.315, -1.184, +0.739, -0.011, +0.697, -0.403, -0.592, +0.069, -0.985, +0.365, -0.788]
Computer 2: [+1.105, +0.777, +0.158, +0.974, -0.232, -0.158, +0.040, -0.096, +0.113, +0.831, +0.772, -1.191, +0.083, -0.464, +0.964, -0.754, +0.011, -0.250, -0.413, +0.341, -0.976, +0.834, -0.011, +0.697, -0.403, -0.509, +0.069, -0.985, +0.365, -0.788]

Computer 1: [+1.226, +0.742, +0.158, +1.066, -0.443, -0.060, +0.040, -0.096, +0.064, +0.845, +0.772, -1.245, -0.045, -0.643, +0.908, -0.754, +0.011, -0.250, -0.228, +0.315, -1.184, +0.739, -0.011, +0.697, -0.403, -0.592, +0.069, -0.985, +0.365, -0.788]
Computer 2: [+1.105, +0.792, +0.259, +0.974, -0.419, -0.224, +0.040, -0.096, +0.113, +0.746, +0.772, -0.997, +0.083, -0.464, +0.964, -0.754, +0.011, -0.250, -0.263, +0.259, -0.862, +0.834, -0.011, +0.697, -0.403, -0.509, +0.069, -0.985, +0.365, -0.788]

Computer 1: [+1.226, +0.742, +0.158, +1.066, -0.443, -0.060, +0.040, -0.096, -0.107, +0.908, +0.772, -1.245, -0.045, -0.643, +0.726, -0.754, +0.011, -0.250, -0.228, +0.315, -1.184, +0.739, -0.011, +0.697, -0.510, -0.592, +0.069, -0.985, +0.365, -0.788]
Computer 2: [+1.226, +0.742, +0.158, +1.276, -0.443, -0.060, +0.136, -0.096, -0.060, +0.845, +0.772, -1.245, -0.130, -0.643, +0.908, -0.754, +0.011, -0.196, -0.231, +0.315, -1.184, +0.739, -0.011, +0.697, -0.403, -0.592, +0.069, -0.985, +0.565, -0.788]

Computer 1: [+1.226, +0.742, +0.158, +1.276, -0.443, -0.060, +0.136, -0.096, -0.060, +0.845, +0.772, -1.245, -0.130, -0.643, +0.908, -0.754, +0.011, -0.196, -0.231, +0.315, -1.184, +0.739, -0.011, +0.697, -0.403, -0.592, +0.069, -0.985, +0.565, -0.788]
Computer 2: [+1.226, +0.742, +0.158, +1.066, -0.495, -0.060, +0.040, -0.096, -0.107, +0.908, +0.772, -1.245, -0.045, -0.643, +0.726, -0.754, +0.011, -0.250, -0.228, +0.315, -1.184, +0.739, -0.011, +0.697, -0.305, -0.592, +0.069, -0.985, +0.299, -0.788]

Computer 1: [+1.226, +0.742, +0.158, +0.864, -0.495, -0.110, +0.040, -0.096, -0.107, +0.922, +0.772, -1.374, -0.045, -0.643, +0.726, -0.754, +0.186, -0.250, -0.228, +0.315, -1.184, +0.739, -0.011, +0.697, -0.305, -0.592, -0.056, -0.985, +0.299, -0.653]
Computer 2: [+1.226, +0.742, +0.158, +1.276, -0.443, +0.021, +0.136, -0.256, -0.060, +0.845, +0.772, -1.245, -0.130, -0.643, +0.713, -0.754, +0.011, -0.196, -0.231, +0.315, -1.184, +0.739, -0.183, +0.697, -0.403, -0.592, +0.069, -0.985, +0.565, -0.668]

Computer 1: [+1.226, +0.742, +0.158, +0.864, -0.495, -0.110, -0.113, -0.096, -0.107, +0.922, +0.954, -1.374, -0.045, -0.643, +0.726, -0.754, +0.186, -0.250, -0.228, +0.315, -1.184, +0.739, -0.011, +0.697, -0.305, -0.613, +0.024, -0.975, +0.299, -0.653]
Computer 2: [+1.226, +0.742, +0.158, +0.864, -0.495, -0.110, +0.040, -0.096, -0.107, +0.922, +0.772, -1.374, -0.045, -0.643, +0.726, -0.754, +0.186, -0.250, -0.228, +0.315, -1.184, +0.739, -0.011, +0.697, -0.305, -0.592, -0.056, -0.985, +0.299, -0.653]

Computer 1: [+1.226, +0.742, +0.158, +0.864, -0.659, -0.110, -0.113, -0.096, -0.107, +1.155, +0.954, -1.374, +0.123, -0.643, +0.726, -0.754, +0.186, -0.250, -0.228, +0.315, -1.334, +0.904, -0.011, +0.798, -0.305, -0.613, +0.133, -0.975, +0.329, -0.653]
Computer 2: [+1.226, +0.742, +0.158, +0.864, -0.495, -0.110, +0.040, -0.096, -0.107, +0.922, +0.772, -1.589, -0.045, -0.429, +0.726, -0.754, +0.186, -0.250, -0.228, +0.315, -1.184, +0.739, -0.011, +0.697, -0.458, -0.701, -0.300, -0.985, +0.299, -0.653]

Computer 1: [+1.226, +0.610, +0.314, +0.864, -0.495, -0.110, -0.205, -0.096, +0.099, +1.155, +0.954, -1.374, +0.123, -0.643, +0.726, -0.754, +0.186, -0.048, -0.332, +0.228, -1.334, +0.904, -0.011, +0.798, -0.305, -0.613, -0.022, -0.975, +0.329, -0.653]
Computer 2: [+0.994, +0.742, +0.158, +0.864, -0.620, -0.110, +0.040, -0.096, -0.107, +0.854, +0.772, -1.713, -0.045, -0.429, +0.726, -0.754, +0.186, -0.250, -0.228, +0.315, -1.184, +0.739, -0.006, +0.697, -0.458, -0.830, -0.300, -0.985, +0.299, -0.653]

Computer 1: [+1.226, +0.610, +0.314, +0.848, -0.495, -0.110, -0.205, -0.096, +0.099, +1.155, +0.954, -1.374, -0.024, -0.643, +0.835, -0.595, +0.186, -0.048, -0.332, +0.228, -1.334, +0.656, -0.241, +0.798, -0.305, -0.613, -0.022, -0.975, +0.329, -0.653]
Computer 2: [+1.226, +0.610, +0.452, +0.864, -0.659, -0.110, -0.205, -0.096, +0.099, +1.155, +0.954, -1.374, +0.123, -0.643, +0.726, -0.754, +0.186, -0.048, -0.164, +0.228, -1.334, +0.904, -0.011, +0.848, -0.305, -0.813, +0.159, -0.975, +0.329, -0.541]

Computer 1: [+1.226, +0.726, +0.272, +0.811, -0.495, -0.110, -0.398, -0.096, +0.099, +1.155, +0.954, -1.270, -0.024, -0.643, +0.835, -0.595, +0.186, -0.048, -0.332, +0.228, -1.334, +0.656, -0.241, +0.681, -0.305, -0.613, -0.022, -0.975, +0.329, -0.615]
Computer 2: [+1.226, +0.610, +0.452, +0.864, -0.826, -0.110, -0.205, -0.096, +0.099, +1.155, +0.954, -1.374, +0.123, -0.643, +0.726, -0.936, +0.179, -0.048, -0.164, +0.228, -1.334, +0.904, -0.011, +0.848, -0.305, -0.813, +0.275, -0.975, +0.329, -0.541]

Computer 1: [+1.226, +0.726, +0.272, +0.811, -0.495, +0.000, -0.398, -0.096, +0.099, +1.141, +0.954, -1.270, -0.070, -0.643, +0.835, -0.595, +0.250, -0.048, -0.332, +0.430, -1.334, +0.656, -0.241, +0.681, -0.305, -0.613, -0.022, -1.222, +0.329, -0.506]
Computer 2: [+1.226, +0.726, +0.272, +0.811, -0.503, -0.110, -0.398, -0.096, +0.099, +0.915, +0.954, -1.270, -0.024, -0.643, +0.835, -0.595, -0.006, +0.196, -0.332, +0.228, -1.334, +0.656, -0.241, +0.651, -0.305, -0.613, -0.022, -1.103, +0.339, -0.615]

Computer 1: [+1.226, +0.726, +0.272, +0.811, -0.495, +0.000, -0.398, -0.096, +0.099, +1.141, +0.954, -1.270, -0.070, -0.643, +0.835, -0.595, +0.250, -0.048, -0.332, +0.430, -1.334, +0.656, -0.241, +0.681, -0.305, -0.613, -0.022, -1.222, +0.329, -0.506]
Computer 2: [+1.226, +0.971, +0.272, +0.811, -0.503, +0.037, -0.290, -0.096, +0.028, +0.915, +0.954, -1.503, -0.024, -0.643, +0.677, -0.595, -0.061, +0.196, -0.175, +0.228, -1.334, +0.414, -0.241, +0.651, -0.338, -0.398, -0.022, -1.103, +0.339, -0.615]

Computer 1: [+1.226, +0.726, +0.272, +0.811, -0.495, +0.000, -0.398, -0.096, +0.221, +1.010, +0.954, -1.270, -0.070, -0.643, +0.835, -0.595, +0.250, -0.048, -0.332, +0.409, -1.334, +0.656, -0.241, +0.800, -0.305, -0.604, -0.022, -1.222, +0.329, -0.506]
Computer 2: [+1.226, +0.726, +0.272, +0.791, -0.495, +0.000, -0.398, -0.096, +0.099, +1.242, +0.954, -1.270, -0.070, -0.519, +0.835, -0.558, +0.250, +0.040, -0.332, +0.430, -1.427, +0.656, -0.241, +0.752, -0.305, -0.613, -0.022, -1.127, +0.119, -0.506]

Computer 1: [+1.226, +0.726, +0.272, +0.811, -0.495, +0.000, -0.398, -0.096, +0.221, +1.010, +0.954, -1.270, -0.070, -0.643, +0.835, -0.595, +0.250, -0.048, -0.210, +0.409, -1.334, +0.656, -0.241, +0.800, -0.305, -0.612, -0.022, -1.222, +0.329, -0.506]
Computer 2: [+1.226, +0.726, +0.272, +0.811, -0.495, +0.000, -0.398, -0.096, +0.221, +0.792, +0.954, -1.270, -0.070, -0.643, +0.835, -0.595, +0.250, -0.291, -0.332, +0.367, -1.334, +0.656, -0.241, +0.800, -0.305, -0.540, -0.022, -0.989, +0.329, -0.506]

Computer 1: [-0.664, -0.089, +0.810, +0.931, -0.324, -0.655, +0.565, -0.243, +0.684, +0.566, +0.120, -0.677, +0.204, -0.183, -0.880, +0.469, -0.043, -0.623, +0.939, +0.235, -0.386, -0.786, +0.132, +0.071, +0.270, -0.835, -0.921, -0.360, -0.320, +0.761]
Computer 2: [+1.226, +0.726, +0.272, +0.784, -0.495, +0.000, -0.398, -0.096, +0.221, +1.090, +0.954, -1.275, -0.167, -0.643, +0.835, -0.595, +0.250, -0.048, -0.210, +0.409, -1.334, +0.656, -0.241, +0.800, -0.305, -0.612, -0.022, -1.222, +0.329, -0.506]

Computer 1: [-0.664, -0.089, +0.810, +0.931, -0.133, -0.655, +0.738, -0.243, +0.810, +0.566, +0.120, -0.719, +0.204, -0.183, -0.880, +0.469, -0.043, -0.623, +0.939, +0.235, -0.386, -0.786, +0.132, +0.273, +0.270, -0.590, -0.828, -0.360, -0.320, +0.761]
Computer 2: [-0.664, -0.309, +0.591, +0.931, -0.363, -0.487, +0.565, -0.243, +0.879, +0.566, -0.025, -0.677, +0.204, -0.183, -0.880, +0.689, -0.085, -0.769, +0.939, +0.402, -0.386, -0.786, +0.132, +0.071, +0.270, -0.835, -0.921, -0.360, -0.308, +0.521]

Computer 1: [-0.664, -0.215, +0.810, +0.931, -0.133, -0.655, +0.738, -0.243, +0.955, +0.566, +0.120, -0.869, +0.353, -0.183, -0.762, +0.469, +0.167, -0.623, +0.939, +0.235, -0.386, -0.786, +0.132, +0.273, +0.448, -0.682, -0.940, -0.608, -0.320, +0.603]
Computer 2: [-0.664, -0.308, +0.762, +0.931, -0.133, -0.655, +0.738, -0.243, +0.678, +0.566, +0.120, -0.843, +0.204, -0.183, -0.880, +0.265, -0.043, -0.576, +0.939, +0.235, -0.386, -0.786, +0.132, +0.273, +0.270, -0.590, -0.828, -0.360, -0.320, +0.761]

Computer 1: [-0.664, -0.373, +0.810, +0.931, -0.052, -0.655, +0.738, -0.243, +1.204, +0.566, +0.120, -0.869, +0.353, -0.183, -0.762, +0.469, +0.167, -0.623, +0.939, +0.235, -0.386, -0.786, +0.132, +0.476, +0.448, -0.682, -0.940, -0.608, -0.320, +0.603]
Computer 2: [-0.664, -0.215, +0.810, +0.931, -0.133, -0.655, +0.738, -0.243, +0.955, +0.566, +0.313, -0.869, +0.345, -0.183, -0.717, +0.469, +0.167, -0.623, +0.939, +0.319, -0.538, -0.786, +0.132, +0.273, +0.448, -0.682, -0.975, -0.608, -0.320, +0.603]

Computer 1: [-0.664, -0.215, +0.810, +0.931, -0.133, -0.655, +0.738, -0.243, +0.955, +0.566, +0.313, -0.869, +0.345, -0.183, -0.717, +0.469, +0.167, -0.623, +0.939, +0.319, -0.538, -0.786, +0.132, +0.273, +0.448, -0.682, -0.975, -0.608, -0.320, +0.603]
Computer 2: [-0.664, -0.295, +0.810, +0.931, -0.052, -0.655, +0.738, -0.243, +1.286, +0.566, +0.120, -0.822, +0.353, -0.183, -0.762, +0.371, +0.167, -0.385, +0.939, +0.279, -0.386, -0.781, +0.132, +0.476, +0.448, -0.892, -0.940, -0.608, -0.341, +0.603]

Computer 1: [-0.664, -0.285, +1.035, +1.052, -0.054, -0.655, +0.738, -0.243, +0.955, +0.430, +0.313, -0.869, +0.345, -0.117, -0.717, +0.469, +0.339, -0.623, +0.939, +0.319, -0.538, -0.627, +0.132, +0.221, +0.448, -0.682, -0.975, -0.608, -0.320, +0.603]
Computer 2: [-0.664, -0.209, +0.810, +0.931, -0.133, -0.655, +0.738, -0.295, +1.183, +0.566, +0.313, -0.869, +0.345, -0.183, -0.717, +0.469, +0.167, -0.623, +0.827, +0.319, -0.538, -0.786, +0.132, +0.273, +0.299, -0.682, -0.856, -0.634, -0.320, +0.603]

Computer 1: [-0.664, -0.441, +1.035, +1.023, -0.054, -0.655, +0.738, -0.243, +0.944, +0.430, +0.313, -0.869, +0.345, -0.117, -0.717, +0.668, +0.568, -0.623, +0.939, +0.319, -0.538, -0.627, +0.132, +0.221, +0.448, -0.682, -0.975, -0.794, -0.320, +0.424]
Computer 2: [-0.817, -0.209, +0.810, +0.736, -0.133, -0.508, +0.738, -0.295, +1.183, +0.566, +0.313, -1.113, +0.345, -0.183, -0.533, +0.469, +0.167, -0.623, +0.827, +0.319, -0.538, -0.786, +0.132, +0.273, +0.299, -0.682, -0.856, -0.560, -0.110, +0.603]

Computer 1: [-0.757, -0.209, +0.810, +0.736, -0.133, -0.508, +0.553, -0.295, +1.183, +0.566, +0.519, -1.113, +0.512, +0.018, -0.533, +0.364, +0.167, -0.749, +0.732, +0.319, -0.538, -0.786, +0.132, +0.130, +0.411, -0.552, -0.856, -0.389, +0.036, +0.603]
Computer 2: [-0.659, -0.441, +1.035, +1.023, -0.054, -0.739, +0.738, -0.243, +1.047, +0.430, +0.498, -0.869, +0.345, -0.117, -0.717, +0.668, +0.568, -0.623, +0.939, +0.319, -0.538, -0.627, +0.132, +0.221, +0.448, -0.682, -0.975, -0.794, -0.320, +0.542]

Computer 1: [-0.757, -0.209, +0.810, +0.736, -0.133, -0.508, +0.553, -0.295, +1.183, +0.566, +0.519, -1.113, +0.512, +0.018, -0.533, +0.364, +0.167, -0.749, +0.732, +0.319, -0.538, -0.786, +0.132, +0.130, +0.411, -0.552, -0.856, -0.389, +0.036, +0.603]
Computer 2: [-0.757, -0.209, +0.810, +0.736, -0.063, -0.646, +0.553, -0.121, +1.183, +0.566, +0.715, -1.113, +0.512, +0.018, -0.533, +0.364, +0.167, -0.749, +0.732, +0.319, -0.538, -0.786, +0.132, +0.130, +0.303, -0.585, -0.801, -0.389, +0.036, +0.603]

Computer 1: [-0.757, -0.209, +0.810, +0.736, -0.063, -0.646, +0.611, -0.007, +1.183, +0.566, +0.883, -1.113, +0.732, +0.018, -0.533, +0.364, +0.167, -0.749, +0.732, +0.319, -0.538, -0.786, +0.132, +0.130, +0.303, -0.664, -0.685, -0.389, +0.036, +0.603]
Computer 2: [-0.686, -0.169, +0.810, +0.736, -0.133, -0.508, +0.765, -0.295, +1.183, +0.324, +0.423, -1.016, +0.690, +0.268, -0.598, +0.364, -0.082, -0.749, +0.912, +0.123, -0.538, -0.723, +0.174, +0.130, +0.411, -0.552, -0.856, -0.389, +0.036, +0.603]

Computer 1: [-0.757, -0.209, +0.810, +0.736, -0.063, -0.646, +0.611, -0.007, +1.183, +0.566, +0.883, -1.113, +0.732, +0.018, -0.533, +0.364, +0.167, -0.749, +0.732, +0.319, -0.538, -0.786, +0.132, +0.130, +0.303, -0.664, -0.685, -0.389, +0.036, +0.603]
Computer 2: [-0.757, -0.209, +0.810, +0.736, -0.063, -0.646, +0.611, +0.136, +1.183, +0.404, +0.883, -1.113, +0.732, +0.018, -0.533, +0.329, +0.167, -0.749, +0.732, +0.319, -0.538, -0.786, +0.132, +0.130, +0.303, -0.664, -0.685, -0.389, +0.036, +0.603]

Computer 1: [-0.757, -0.209, +0.810, +0.736, -0.063, -0.646, +0.611, +0.136, +1.183, +0.404, +0.883, -1.113, +0.732, +0.018, -0.533, +0.329, +0.167, -0.749, +0.732, +0.319, -0.538, -0.786, +0.132, +0.130, +0.303, -0.664, -0.685, -0.389, +0.036, +0.603]
Computer 2: [-0.757, -0.209, +0.810, +0.736, -0.063, -0.646, +0.611, +0.136, +1.183, +0.404, +0.883, -1.113, +0.732, +0.018, -0.533, +0.329, +0.248, -0.876, +0.732, +0.331, -0.735, -0.854, +0.132, +0.130, +0.303, -0.664, -0.685, -0.389, +0.036, +0.698]

Computer 1: [-0.757, -0.209, +0.810, +0.736, -0.063, -0.646, +0.611, +0.136, +1.183, +0.404, +0.883, -1.113, +0.732, +0.018, -0.533, +0.329, +0.248, -0.876, +0.732, +0.331, -0.735, -0.854, +0.132, +0.130, +0.303, -0.664, -0.685, -0.389, +0.036, +0.698]
Computer 2: [-0.757, -0.419, +1.030, +0.736, -0.063, -0.646, +0.611, +0.046, +1.183, +0.469, +0.902, -1.058, +0.732, -0.052, -0.533, +0.329, +0.248, -1.031, +0.732, +0.379, -0.735, -0.854, +0.132, +0.130, +0.303, -0.664, -0.685, -0.389, +0.001, +0.519]

Computer 1: [-0.757, -0.209, +0.810, +0.736, -0.063, -0.646, +0.611, +0.136, +1.183, +0.404, +0.883, -1.113, +0.732, +0.018, -0.533, +0.329, +0.248, -0.876, +0.732, +0.331, -0.735, -0.854, +0.132, +0.130, +0.303, -0.664, -0.685, -0.389, +0.036, +0.698]
Computer 2: [-0.613, -0.419, +1.030, +0.689, -0.063, -0.646, +0.611, +0.046, +1.183, +0.469, +0.902, -1.058, +0.850, -0.052, -0.533, +0.556, +0.248, -1.031, +0.732, +0.177, -0.759, -0.846, -0.050, +0.130, +0.133, -0.664, -0.685, -0.389, +0.001, +0.519]

Computer 1: [-0.613, -0.419, +1.030, +0.689, -0.063, -0.646, +0.611, +0.046, +1.183, +0.586, +0.902, -1.084, +0.850, -0.052, -0.533, +0.610, +0.248, -0.908, +0.732, +0.174, -0.759, -0.846, -0.050, +0.130, +0.133, -0.664, -0.639, -0.389, +0.010, +0.469]
Computer 2: [-0.613, -0.419, +1.030, +0.689, -0.063, -0.646, +0.611, +0.046, +1.183, +0.469, +0.902, -1.058, +0.850, -0.052, -0.533, +0.556, +0.248, -1.031, +0.732, +0.177, -0.759, -0.846, -0.050, +0.130, +0.133, -0.664, -0.685, -0.389, +0.001, +0.519]

Computer 1: [-0.613, -0.419, +1.030, +0.689, -0.063, -0.646, +0.611, +0.046, +1.183, +0.586, +0.902, -1.084, +0.850, -0.052, -0.533, +0.610, +0.248, -0.908, +0.732, +0.174, -0.759, -0.846, -0.050, +0.130, +0.133, -0.664, -0.639, -0.389, +0.010, +0.469]
Computer 2: [-0.613, -0.419, +1.030, +0.490, -0.063, -0.646, +0.698, +0.046, +1.294, +0.586, +0.902, -1.084, +0.850, -0.052, -0.533, +0.657, +0.067, -0.908, +0.564, +0.174, -0.759, -0.846, -0.050, +0.130, +0.133, -0.664, -0.639, -0.574, +0.097, +0.588]

Computer 1: [-0.613, -0.419, +1.030, +0.689, -0.180, -0.562, +0.611, +0.089, +1.183, +0.586, +0.902, -1.084, +0.850, +0.192, -0.533, +0.384, +0.248, -0.908, +0.732, +0.174, -0.759, -0.821, -0.050, +0.130, +0.133, -0.664, -0.639, -0.389, +0.010, +0.469]
Computer 2: [-0.613, -0.419, +1.030, +0.490, -0.063, -0.646, +0.698, +0.046, +1.294, +0.586, +0.902, -1.084, +0.850, -0.052, -0.533, +0.657, +0.067, -0.908, +0.564, +0.174, -0.759, -0.846, -0.050, +0.130, +0.133, -0.664, -0.639, -0.574, +0.097, +0.588]

Computer 1: [-0.613, -0.419, +1.030, +0.490, -0.063, -0.646, +0.698, +0.046, +1.294, +0.586, +0.902, -1.084, +0.850, -0.052, -0.533, +0.657, +0.067, -1.090, +0.382, +0.174, -0.759, -0.846, -0.050, +0.130, +0.133, -0.664, -0.639, -0.574, +0.097, +0.531]
Computer 2: [-0.613, -0.419, +1.030, +0.689, -0.180, -0.562, +0.611, +0.089, +1.183, +0.586, +0.902, -1.084, +0.850, +0.192, -0.533, +0.384, +0.248, -0.908, +0.732, +0.174, -0.759, -0.821, -0.050, +0.130, +0.133, -0.664, -0.639, -0.389, +0.010, +0.469]

Computer 1: [-0.802, -0.419, +1.030, +0.490, -0.063, -0.646, +0.698, +0.046, +1.294, +0.547, +1.014, -1.084, +0.850, -0.079, -0.533, +0.776, +0.067, -1.331, +0.382, +0.298, -0.759, -1.073, -0.050, +0.130, +0.133, -0.491, -0.639, -0.574, +0.097, +0.531]
Computer 2: [-0.478, -0.419, +1.030, +0.490, -0.160, -0.646, +0.885, +0.154, +1.274, +0.586, +0.902, -1.084, +0.850, -0.052, -0.533, +0.657, +0.067, -1.079, +0.382, +0.174, -0.759, -0.846, +0.158, +0.130, +0.133, -0.748, -0.718, -0.574, +0.193, +0.344]

Computer 1: [-0.802, -0.359, +1.030, +0.490, -0.063, -0.646, +0.698, -0.115, +1.294, +0.547, +1.014, -1.241, +1.058, -0.299, -0.533, +0.776, +0.067, -1.209, +0.382, +0.298, -0.759, -1.073, -0.050, +0.130, +0.327, -0.734, -0.639, -0.574, +0.097, +0.671]
Computer 2: [-0.478, -0.419, +1.030, +0.490, -0.264, -0.646, +0.885, +0.154, +1.274, +0.759, +0.902, -1.026, +0.850, -0.211, -0.533, +0.657, +0.067, -1.079, +0.382, +0.174, -0.759, -0.846, +0.158, +0.130, +0.133, -0.834, -0.689, -0.574, +0.193, +0.344]

Computer 1: [-0.802, -0.359, +1.030, +0.490, -0.049, -0.646, +0.791, -0.115, +1.454, +0.547, +1.112, -1.241, +1.058, -0.413, -0.533, +0.776, +0.067, -1.209, +0.382, +0.390, -0.759, -1.073, -0.050, +0.130, +0.327, -0.734, -0.639, -0.574, +0.097, +0.671]
Computer 2: [-0.478, -0.419, +1.188, +0.610, -0.264, -0.646, +0.885, +0.154, +1.274, +0.759, +0.902, -1.026, +0.850, -0.211, -0.533, +0.657, +0.067, -1.079, +0.382, +0.174, -0.759, -0.846, +0.158, +0.130, +0.133, -0.834, -0.689, -0.574, +0.149, +0.215]

Computer 1: [-0.478, -0.419, +0.961, +0.610, -0.511, -0.703, +1.082, +0.154, +1.274, +0.690, +0.873, -1.026, +0.850, -0.010, -0.533, +0.657, +0.067, -1.079, +0.382, +0.174, -0.759, -0.846, +0.158, +0.130, +0.133, -0.699, -0.689, -0.574, +0.149, +0.215]
Computer 2: [-0.478, -0.419, +1.188, +0.610, -0.264, -0.646, +0.885, +0.022, +1.274, +0.759, +1.134, -1.026, +0.850, -0.211, -0.707, +0.471, -0.103, -1.079, +0.356, +0.174, -0.673, -0.846, +0.158, +0.130, +0.133, -0.999, -0.689, -0.574, +0.149, +0.215]

Computer 1: [-0.478, -0.419, +1.296, +0.610, -0.264, -0.646, +0.885, +0.022, +1.274, +0.627, +1.340, -0.820, +0.850, -0.211, -0.707, +0.471, -0.103, -1.079, +0.442, +0.174, -0.673, -0.846, +0.158, -0.022, +0.074, -0.999, -0.689, -0.574, +0.149, +0.215]
Computer 2: [-0.420, -0.395, +1.188, +0.508, -0.264, -0.769, +0.651, +0.022, +1.274, +0.584, +1.134, -1.026, +0.926, -0.379, -0.707, +0.691, -0.187, -1.079, +0.356, +0.174, -0.673, -0.739, +0.158, +0.130, +0.133, -0.999, -0.689, -0.331, -0.055, +0.215]

Computer 1: [-0.420, -0.395, +1.374, +0.508, -0.264, -0.769, +0.430, +0.022, +1.274, +0.530, +1.134, -1.026, +0.926, -0.379, -0.707, +0.691, -0.187, -1.076, +0.356, +0.174, -0.673, -0.739, +0.186, +0.130, +0.133, -0.999, -0.689, -0.331, -0.055, +0.080]
Computer 2: [-0.420, -0.395, +1.188, +0.508, -0.264, -0.941, +0.549, +0.022, +1.274, +0.584, +1.134, -1.026, +0.926, -0.379, -0.707, +0.691, -0.187, -1.079, +0.356, +0.174, -0.817, -0.640, +0.158, +0.130, -0.074, -0.999, -0.689, -0.331, -0.122, +0.138]

Computer 1: [-0.420, -0.395, +1.374, +0.508, -0.264, -0.769, +0.430, +0.022, +1.274, +0.530, +1.134, -1.026, +0.926, -0.379, -0.707, +0.691, -0.187, -1.076, +0.356, +0.174, -0.673, -0.739, +0.186, +0.130, +0.133, -0.999, -0.689, -0.331, -0.055, +0.080]
Computer 2: [-0.420, -0.395, +1.188, +0.508, -0.264, -0.941, +0.376, -0.012, +1.274, +0.584, +1.134, -1.026, +0.926, -0.379, -0.707, +0.691, -0.110, -1.079, +0.356, +0.174, -0.817, -0.640, +0.158, +0.130, -0.074, -0.999, -0.689, -0.331, -0.122, +0.138]

Computer 1: [-0.420, -0.395, +1.374, +0.508, -0.264, -0.769, +0.430, +0.022, +1.274, +0.530, +1.134, -1.026, +0.926, -0.379, -0.707, +0.691, -0.187, -1.076, +0.356, +0.174, -0.673, -0.739, +0.186, +0.130, +0.133, -0.999, -0.689, -0.331, -0.055, +0.080]
Computer 2: [-0.439, -0.160, +1.323, +0.508, -0.043, -0.769, +0.430, +0.022, +1.274, +0.404, +1.134, -1.026, +0.926, -0.379, -0.480, +0.751, -0.187, -1.076, +0.356, +0.174, -0.564, -0.620, +0.186, +0.130, +0.191, -0.999, -0.689, -0.331, -0.055, +0.080]

Computer 1: [-0.420, -0.395, +1.374, +0.508, -0.264, -0.769, +0.430, +0.022, +1.274, +0.530, +1.134, -1.026, +0.926, -0.379, -0.707, +0.691, -0.187, -1.076, +0.356, +0.174, -0.673, -0.739, +0.186, +0.130, +0.133, -0.999, -0.689, -0.331, -0.055, +0.080]
Computer 2: [-0.439, -0.160, +1.090, +0.508, -0.043, -0.683, +0.430, +0.022, +1.274, +0.404, +1.134, -1.026, +0.926, -0.379, -0.480, +0.751, -0.187, -1.076, +0.356, +0.174, -0.564, -0.620, +0.186, +0.130, +0.366, -0.999, -0.689, -0.331, -0.055, +0.111]

Computer 1: [-0.537, -0.640, +1.237, +0.508, -0.264, -0.741, +0.414, +0.022, +1.274, +0.530, +1.229, -1.026, +0.926, -0.379, -0.707, +0.693, -0.187, -1.076, +0.356, +0.174, -0.673, -0.739, +0.186, +0.130, +0.133, -0.999, -0.689, -0.331, +0.108, -0.104]
Computer 2: [-0.420, -0.395, +1.374, +0.508, -0.264, -0.769, +0.430, +0.022, +1.274, +0.530, +1.134, -1.026, +0.926, -0.379, -0.707, +0.691, -0.187, -1.076, +0.356, +0.174, -0.673, -0.739, +0.186, +0.130, +0.133, -0.999, -0.689, -0.331, -0.055, +0.080]

Computer 1: [-0.537, -0.640, +1.237, +0.508, -0.264, -0.741, +0.414, +0.022, +1.274, +0.530, +1.229, -1.026, +0.926, -0.379, -0.707, +0.693, -0.187, -1.076, +0.356, +0.174, -0.673, -0.739, +0.186, +0.130, +0.133, -0.999, -0.689, -0.331, +0.108, -0.104]
Computer 2: [-0.420, -0.395, +1.374, +0.508, -0.264, -1.014, +0.430, +0.022, +1.274, +0.301, +1.134, -1.026, +0.926, -0.379, -0.764, +0.691, -0.187, -1.281, +0.356, +0.174, -0.673, -0.647, +0.186, +0.130, +0.133, -0.999, -0.689, -0.331, -0.055, +0.080]

Computer 1: [-0.537, -0.640, +1.372, +0.380, -0.264, -0.741, +0.414, -0.200, +1.274, +0.530, +1.229, -1.189, +0.926, -0.379, -0.707, +0.491, -0.080, -1.076, +0.165, +0.174, -0.673, -0.739, +0.186, +0.130, +0.133, -0.999, -0.632, -0.331, +0.108, -0.104]
Computer 2: [-0.516, -0.640, +1.028, +0.439, -0.294, -0.493, +0.408, -0.015, +1.274, +0.530, +1.229, -1.026, +0.926, -0.379, -0.716, +0.469, -0.187, -1.076, +0.356, +0.174, -0.673, -0.739, +0.186, +0.237, +0.133, -0.999, -0.689, -0.331, +0.108, -0.104]

Computer 1: [-0.516, -0.640, +1.028, +0.439, -0.294, -0.493, +0.652, -0.015, +1.274, +0.530, +1.229, -1.026, +0.771, -0.379, -0.716, +0.469, -0.404, -1.076, +0.356, +0.174, -0.673, -0.739, +0.186, +0.237, +0.133, -1.196, -0.689, -0.331, +0.108, +0.004]
Computer 2: [-0.516, -0.640, +1.017, +0.431, -0.294, -0.662, +0.408, -0.015, +1.274, +0.530, +1.229, -0.926, +0.926, -0.379, -0.716, +0.469, -0.221, -1.076, +0.230, +0.174, -0.673, -0.739, +0.186, +0.237, +0.133, -0.999, -0.689, -0.331, -0.074, -0.104]

Computer 1: [-0.516, -0.772, +1.017, +0.431, -0.346, -0.662, +0.408, -0.015, +1.274, +0.530, +1.323, -0.926, +0.926, -0.206, -0.716, +0.330, -0.221, -1.076, +0.230, +0.174, -0.673, -0.984, +0.186, +0.237, +0.133, -0.999, -0.689, -0.331, -0.074, -0.104]
Computer 2: [-0.516, -0.640, +1.017, +0.431, -0.294, -0.662, +0.408, -0.015, +1.274, +0.530, +1.229, -0.926, +0.926, -0.379, -0.716, +0.469, -0.221, -1.076, +0.230, +0.174, -0.673, -0.739, +0.186, +0.237, +0.133, -0.999, -0.689, -0.331, -0.074, -0.104]

Computer 1: [-0.516, -0.640, +1.017, +0.471, -0.294, -0.662, +0.408, -0.015, +1.274, +0.530, +1.229, -0.926, +0.926, -0.379, -0.716, +0.469, -0.126, -1.076, +0.467, +0.174, -0.673, -0.739, +0.186, +0.237, +0.274, -0.999, -0.689, -0.192, -0.074, -0.318]
Computer 2: [-0.516, -0.772, +1.017, +0.431, -0.346, -0.662, +0.408, -0.015, +1.274, +0.530, +1.323, -0.926, +0.926, -0.206, -0.716, +0.330, -0.221, -1.076, +0.230, +0.174, -0.673, -0.984, +0.186, +0.237, +0.133, -0.999, -0.689, -0.331, -0.074, -0.104]

Computer 1: [-0.516, -0.640, +1.017, +0.346, -0.294, -0.662, +0.408, -0.015, +1.274, +0.530, +1.229, -0.926, +0.926, -0.379, -0.716, +0.469, -0.321, -1.076, +0.467, +0.331, -0.673, -0.857, +0.186, +0.161, +0.274, -0.966, -0.689, -0.192, -0.074, -0.073]
Computer 2: [-0.516, -0.772, +1.017, +0.431, -0.346, -0.662, +0.408, -0.015, +1.274, +0.530, +1.323, -0.926, +0.926, -0.206, -0.716, +0.330, -0.221, -1.076, +0.230, +0.174, -0.673, -0.984, +0.186, +0.237, +0.133, -0.999, -0.689, -0.331, -0.074, -0.104]

Computer 1: [-0.516, -0.640, +1.017, +0.346, -0.294, -0.662, +0.408, -0.015, +1.274, +0.530, +1.229, -0.926, +0.926, -0.379, -0.716, +0.469, -0.321, -1.076, +0.467, +0.331, -0.673, -0.857, +0.186, +0.161, +0.274, -0.966, -0.689, -0.192, -0.074, -0.073]
Computer 2: [-0.535, -0.640, +1.017, +0.346, -0.294, -0.838, +0.408, -0.015, +1.274, +0.530, +1.229, -0.926, +0.926, -0.617, -0.524, +0.469, -0.321, -1.076, +0.467, +0.331, -0.673, -0.857, +0.186, +0.161, +0.274, -0.966, -0.497, -0.192, -0.074, -0.073]

Computer 1: [-0.516, -0.640, +1.071, +0.346, -0.294, -0.662, +0.408, -0.015, +1.281, +0.415, +1.229, -0.926, +0.926, -0.379, -0.716, +0.469, -0.321, -1.076, +0.467, +0.331, -0.673, -0.857, +0.186, +0.161, +0.274, -0.966, -0.689, -0.192, -0.074, -0.073]
Computer 2: [-0.516, -0.640, +0.843, +0.346, -0.294, -0.662, +0.408, -0.176, +1.274, +0.718, +1.229, -0.926, +1.130, -0.379, -0.716, +0.469, -0.321, -1.196, +0.467, +0.331, -0.874, -0.857, +0.186, +0.161, +0.397, -0.966, -0.702, -0.395, -0.074, -0.132]

Computer 1: [-0.516, -0.640, +1.071, +0.325, -0.294, -0.662, +0.408, -0.015, +1.281, +0.359, +1.229, -0.926, +0.926, -0.379, -0.716, +0.606, -0.249, -1.076, +0.292, +0.331, -0.673, -0.857, +0.186, +0.161, +0.140, -0.966, -0.689, -0.192, -0.029, -0.073]
Computer 2: [-0.516, -0.640, +0.793, +0.346, -0.294, -0.662, +0.408, -0.170, +1.274, +0.718, +1.229, -0.926, +1.130, -0.379, -0.716, +0.469, -0.321, -1.196, +0.638, +0.318, -1.119, -0.857, +0.186, +0.161, +0.171, -0.966, -0.702, -0.395, -0.074, -0.365]

Computer 1: [-0.516, -0.640, +0.793, +0.346, -0.294, -0.662, +0.408, -0.170, +1.274, +0.718, +1.229, -0.926, +1.130, -0.379, -0.716, +0.469, -0.321, -1.196, +0.638, +0.318, -1.119, -0.857, +0.186, +0.161, +0.171, -0.966, -0.702, -0.395, -0.074, -0.365]
Computer 2: [-0.516, -0.640, +1.157, +0.325, -0.294, -0.662, +0.408, -0.015, +1.281, +0.557, +1.229, -0.926, +0.926, -0.379, -0.716, +0.606, -0.249, -1.076, +0.288, +0.331, -0.673, -0.857, +0.186, +0.162, +0.214, -0.966, -0.689, -0.192, -0.029, -0.073]

Computer 1: [-0.516, -0.640, +0.793, +0.346, -0.294, -0.662, +0.408, -0.170, +1.274, +0.718, +1.229, -0.926, +1.130, -0.379, -0.716, +0.469, -0.321, -1.196, +0.638, +0.318, -1.119, -0.857, +0.186, +0.161, +0.171, -0.966, -0.702, -0.395, -0.074, -0.365]
Computer 2: [-0.516, -0.640, +1.157, +0.558, -0.294, -0.662, +0.408, -0.015, +1.281, +0.557, +1.229, -0.926, +0.926, -0.320, -0.716, +0.606, -0.420, -1.160, +0.288, +0.331, -0.673, -0.857, +0.186, -0.043, +0.214, -0.966, -0.605, -0.192, -0.029, -0.073]

Computer 1: [-0.516, -0.640, +0.793, +0.148, -0.294, -0.662, +0.408, -0.170, +1.274, +0.718, +1.269, -0.813, +1.130, -0.379, -0.956, +0.469, -0.321, -1.196, +0.638, +0.318, -1.119, -0.857, +0.186, +0.161, +0.171, -0.778, -0.810, -0.507, -0.074, -0.365]
Computer 2: [-0.516, -0.610, +0.793, +0.297, -0.294, -0.497, +0.164, -0.170, +1.177, +0.630, +1.229, -0.926, +1.130, -0.379, -0.716, +0.469, -0.321, -1.196, +0.638, +0.318, -1.119, -0.857, +0.186, +0.161, +0.171, -0.966, -0.702, -0.395, -0.074, -0.365]

Computer 1: [-0.516, -0.640, +0.793, +0.393, -0.412, -0.662, +0.408, -0.197, +1.274, +0.718, +1.173, -0.813, +1.130, -0.379, -0.956, +0.406, -0.321, -1.196, +0.638, +0.318, -1.119, -0.737, +0.061, +0.278, +0.004, -0.778, -0.810, -0.507, -0.202, -0.365]
Computer 2: [-0.516, -0.640, +0.793, +0.148, -0.294, -0.809, +0.399, -0.336, +1.274, +0.718, +1.269, -0.813, +1.130, -0.379, -0.956, +0.469, -0.321, -1.196, +0.587, +0.318, -1.119, -0.857, +0.186, +0.161, +0.171, -0.778, -0.810, -0.507, -0.074, -0.365]

Computer 1: [-0.516, -0.640, +0.931, +0.393, -0.516, -0.662, +0.482, -0.197, +1.311, +0.718, +1.173, -0.800, +1.130, -0.325, -0.956, +0.406, -0.155, -1.196, +0.751, +0.318, -1.275, -0.493, +0.061, +0.278, +0.197, -0.778, -0.810, -0.507, -0.202, -0.595]
Computer 2: [-0.516, -0.745, +0.793, +0.148, -0.294, -0.821, +0.399, -0.336, +1.274, +0.718, +1.269, -0.813, +1.130, -0.538, -0.956, +0.461, -0.321, -1.196, +0.587, +0.318, -1.119, -0.857, +0.186, +0.167, +0.171, -0.581, -0.810, -0.507, +0.106, -0.365]

Computer 1: [-0.516, -0.640, +0.931, +0.393, -0.516, -0.861, +0.482, -0.197, +1.311, +0.718, +1.173, -0.800, +1.239, -0.325, -0.901, +0.406, -0.307, -1.196, +0.751, +0.318, -1.275, -0.680, +0.061, +0.278, +0.197, -0.914, -0.761, -0.507, -0.202, -0.595]
Computer 2: [-0.516, -0.853, +0.793, +0.148, -0.294, -0.841, +0.399, -0.336, +1.274, +0.699, +1.269, -0.813, +1.130, -0.538, -0.988, +0.461, -0.320, -1.196, +0.551, +0.318, -1.119, -0.625, +0.122, +0.167, +0.171, -0.581, -0.810, -0.296, +0.106, -0.365]

Computer 1: [-0.516, -0.846, +0.931, +0.393, -0.516, -1.003, +0.701, -0.197, +1.533, +0.527, +1.132, -0.800, +1.239, -0.325, -0.901, +0.344, -0.307, -1.196, +0.751, +0.318, -1.275, -0.749, +0.061, +0.278, +0.197, -0.914, -0.761, -0.507, -0.202, -0.429]
Computer 2: [-0.287, -0.720, +0.560, +0.148, -0.294, -0.841, +0.399, -0.222, +1.274, +0.699, +1.269, -0.813, +1.130, -0.391, -0.988, +0.490, -0.320, -1.220, +0.551, +0.318, -1.119, -0.754, -0.071, +0.167, +0.409, -0.397, -0.728, -0.296, +0.106, -0.365]

Computer 1: [-0.287, -0.720, +0.560, +0.148, -0.294, -0.841, +0.399, -0.222, +1.274, +0.699, +1.216, -0.813, +1.130, -0.391, -0.842, +0.490, -0.320, -1.220, +0.551, +0.318, -1.119, -0.754, -0.071, +0.096, +0.409, -0.397, -0.728, -0.186, +0.106, -0.553]
Computer 2: [-0.516, -0.846, +0.931, +0.206, -0.516, -1.003, +0.701, -0.197, +1.533, +0.527, +1.132, -0.719, +1.239, -0.325, -0.901, +0.344, -0.307, -1.196, +0.751, +0.318, -1.155, -0.749, +0.061, +0.278, +0.355, -0.914, -0.761, -0.271, -0.202, -0.429]

Computer 1: [-0.516, -0.846, +0.931, +0.206, -0.380, -1.003, +0.701, -0.287, +1.533, +0.527, +1.305, -0.719, +1.303, -0.325, -0.901, +0.179, -0.307, -1.196, +0.751, +0.318, -1.155, -0.749, +0.061, +0.278, +0.466, -0.914, -0.761, -0.271, -0.202, -0.207]
Computer 2: [-0.287, -0.720, +0.560, +0.148, -0.294, -0.841, +0.399, -0.222, +1.274, +0.699, +1.216, -0.813, +1.130, -0.391, -0.842, +0.490, -0.320, -1.220, +0.551, +0.318, -1.119, -0.754, -0.071, +0.096, +0.409, -0.397, -0.728, -0.186, +0.106, -0.553]

Computer 1: [-0.516, -0.846, +0.931, +0.206, -0.380, -1.003, +0.701, -0.422, +1.533, +0.297, +1.071, -0.719, +1.303, -0.399, -0.901, +0.120, -0.266, -1.224, +0.751, +0.318, -1.155, -0.749, +0.061, +0.219, +0.710, -0.914, -0.761, -0.271, -0.202, -0.144]
Computer 2: [-0.287, -0.720, +0.758, +0.386, -0.294, -0.841, +0.399, -0.222, +1.274, +0.699, +1.460, -0.813, +1.119, -0.251, -0.962, +0.490, -0.320, -1.220, +0.551, +0.318, -1.023, -0.754, -0.071, +0.096, +0.187, -0.397, -0.728, -0.186, +0.106, -0.553]

Computer 1: [-0.287, -0.720, +0.888, +0.386, -0.294, -0.841, +0.412, -0.222, +1.274, +0.518, +1.460, -0.813, +1.119, -0.251, -0.962, +0.490, -0.211, -1.220, +0.551, +0.318, -0.879, -0.920, -0.179, +0.014, +0.186, -0.397, -0.728, -0.186, +0.334, -0.553]
Computer 2: [-0.287, -0.720, +0.758, +0.386, -0.294, -0.841, +0.399, -0.222, +1.274, +0.849, +1.319, -0.813, +1.343, -0.251, -0.962, +0.261, -0.368, -1.220, +0.551, +0.318, -1.023, -0.754, -0.071, +0.212, +0.187, -0.397, -0.728, +0.040, +0.106, -0.744]

Computer 1: [-0.287, -0.503, +0.981, +0.386, -0.065, -0.841, +0.412, -0.222, +1.474, +0.518, +1.460, -0.813, +0.869, -0.251, -0.932, +0.490, -0.211, -1.220, +0.551, +0.318, -0.962, -0.920, -0.179, +0.014, +0.057, -0.432, -0.728, -0.186, +0.334, -0.553]
Computer 2: [-0.287, -0.720, +0.888, +0.386, -0.294, -0.841, +0.412, -0.222, +1.274, +0.518, +1.460, -0.813, +1.119, -0.251, -0.962, +0.490, -0.211, -1.220, +0.551, +0.318, -0.879, -0.920, -0.179, +0.014, +0.186, -0.397, -0.728, -0.186, +0.334, -0.553]

Computer 1: [-0.534, -0.720, +0.888, +0.386, -0.402, -0.841, +0.412, -0.222, +1.274, +0.518, +1.460, -0.813, +1.310, -0.251, -0.962, +0.490, -0.382, -1.220, +0.551, +0.318, -1.038, -0.920, -0.179, -0.191, +0.066, -0.397, -0.692, -0.271, +0.334, -0.553]
Computer 2: [-0.105, -0.720, +0.888, +0.386, -0.294, -0.904, +0.412, -0.424, +1.229, +0.518, +1.368, -1.046, +1.119, -0.251, -0.962, +0.490, -0.211, -1.220, +0.551, +0.318, -1.023, -0.920, -0.384, +0.014, +0.341, -0.397, -0.728, -0.186, +0.334, -0.553]

Computer 1: [-0.105, -0.720, +0.888, +0.386, -0.294, -0.904, +0.412, -0.424, +1.229, +0.518, +1.368, -1.046, +1.119, -0.251, -0.962, +0.490, -0.211, -1.220, +0.647, +0.318, -1.134, -0.920, -0.384, +0.014, +0.341, -0.397, -0.728, -0.186, +0.334, -0.328]
Computer 2: [-0.105, -0.720, +0.888, +0.386, -0.180, -0.904, +0.412, -0.424, +1.229, +0.518, +1.417, -1.046, +1.119, -0.251, -1.186, +0.636, -0.211, -1.220, +0.326, +0.318, -1.023, -0.920, -0.384, +0.014, +0.341, -0.397, -0.601, -0.186, +0.334, -0.553]

Computer 1: [-0.287, -0.655, +0.888, +0.465, -0.180, -0.904, +0.412, -0.424, +1.219, +0.518, +1.417, -1.046, +1.119, -0.317, -1.186, +0.636, -0.211, -1.220, +0.326, +0.318, -0.837, -0.920, -0.384, +0.014, +0.341, -0.397, -0.601, -0.269, +0.415, -0.657]
Computer 2: [-0.220, -0.720, +0.853, +0.386, -0.294, -0.904, +0.348, -0.424, +1.229, +0.518, +1.368, -1.212, +1.119, -0.442, -0.962, +0.490, -0.211, -1.220, +0.647, +0.318, -1.134, -0.920, -0.181, +0.014, +0.341, -0.397, -0.728, -0.186, +0.334, -0.224]

Computer 1: [-0.287, -0.655, +0.888, +0.465, -0.226, -0.904, +0.412, -0.424, +1.304, +0.518, +1.439, -1.046, +1.119, -0.317, -1.186, +0.636, -0.211, -1.195, +0.326, +0.243, -0.837, -0.920, -0.384, -0.066, +0.321, -0.397, -0.509, -0.269, +0.415, -0.657]
Computer 2: [-0.453, -0.655, +0.888, +0.465, -0.180, -0.904, +0.412, -0.424, +1.219, +0.518, +1.417, -1.115, +1.119, -0.317, -1.186, +0.726, -0.375, -1.220, +0.326, +0.318, -0.651, -0.688, -0.384, +0.014, +0.341, -0.397, -0.601, -0.235, +0.240, -0.657]

Computer 1: [-0.453, -0.655, +0.666, +0.707, -0.403, -0.904, +0.412, -0.558, +1.219, +0.518, +1.417, -1.115, +1.119, -0.317, -1.186, +0.726, -0.375, -1.220, +0.326, +0.318, -0.651, -0.712, -0.205, +0.128, +0.341, -0.397, -0.704, -0.235, +0.240, -0.657]
Computer 2: [-0.348, -0.655, +0.888, +0.465, -0.226, -0.904, +0.412, -0.313, +1.304, +0.479, +1.439, -1.292, +0.972, -0.317, -1.062, +0.636, -0.211, -1.195, +0.326, +0.243, -0.837, -1.166, -0.177, -0.248, +0.321, -0.397, -0.509, -0.269, +0.415, -0.657]

Computer 1: [-0.453, -0.655, +0.666, +0.707, -0.403, -0.904, +0.412, -0.558, +1.219, +0.594, +1.417, -1.115, +1.119, -0.317, -1.186, +0.778, -0.375, -1.044, +0.326, +0.519, -0.651, -0.712, -0.205, +0.128, +0.341, -0.544, -0.461, -0.235, +0.240, -0.657]
Computer 2: [-0.348, -0.861, +0.888, +0.465, -0.183, -0.904, +0.412, -0.313, +1.304, +0.573, +1.294, -1.292, +0.972, -0.546, -1.062, +0.616, -0.211, -1.195, +0.326, +0.243, -0.837, -1.166, -0.177, -0.248, +0.321, -0.452, -0.509, -0.269, +0.415, -0.657]

Computer 1: [-0.348, -0.716, +0.888, +0.305, -0.183, -0.904, +0.412, -0.313, +1.536, +0.508, +1.196, -1.292, +1.105, -0.546, -1.062, +0.616, -0.211, -1.195, +0.349, +0.243, -0.837, -1.166, -0.177, -0.248, +0.321, -0.627, -0.509, -0.269, +0.415, -0.657]
Computer 2: [-0.408, -0.655, +0.794, +0.707, -0.175, -0.904, +0.412, -0.558, +1.414, +0.651, +1.417, -1.115, +1.256, -0.317, -1.186, +0.778, -0.375, -1.044, +0.326, +0.519, -0.629, -0.712, -0.205, +0.128, +0.341, -0.544, -0.461, -0.235, +0.240, -0.657]

Computer 1: [-0.348, -0.716, +0.888, +0.305, -0.183, -0.904, +0.412, -0.313, +1.536, +0.508, +1.196, -1.292, +1.105, -0.546, -1.062, +0.616, -0.211, -1.195, +0.349, +0.243, -0.837, -1.166, -0.177, -0.248, +0.321, -0.627, -0.509, -0.269, +0.415, -0.657]
Computer 2: [-0.408, -0.655, +0.794, +0.707, -0.175, -0.904, +0.412, -0.558, +1.414, +0.651, +1.417, -1.115, +1.256, -0.317, -1.186, +0.778, -0.375, -1.044, +0.326, +0.519, -0.629, -0.712, -0.205, +0.128, +0.341, -0.544, -0.461, -0.235, +0.240, -0.657]

Computer 1: [-0.530, -0.839, +0.794, +0.712, -0.175, -0.904, +0.412, -0.571, +1.414, +0.651, +1.647, -1.232, +1.256, -0.423, -1.195, +0.778, -0.435, -1.044, +0.326, +0.519, -0.629, -0.940, -0.205, +0.128, +0.341, -0.544, -0.531, -0.235, +0.240, -0.657]
Computer 2: [-0.348, -0.716, +0.888, +0.305, -0.183, -0.904, +0.412, -0.313, +1.536, +0.508, +1.196, -1.292, +1.105, -0.546, -1.062, +0.616, -0.211, -1.195, +0.349, +0.243, -0.837, -1.166, -0.177, -0.248, +0.321, -0.627, -0.509, -0.269, +0.415, -0.657]

Computer 1: [-0.348, -0.716, +0.888, +0.510, -0.183, -0.904, +0.412, -0.313, +1.536, +0.508, +1.392, -1.521, +1.105, -0.546, -1.062, +0.616, -0.279, -1.195, +0.180, +0.243, -0.837, -1.166, -0.177, -0.248, +0.321, -0.627, -0.509, -0.269, +0.415, -0.657]
Computer 2: [-0.348, -0.716, +0.888, +0.434, -0.217, -0.957, +0.412, -0.313, +1.536, +0.508, +1.196, -1.292, +1.215, -0.407, -1.291, +0.616, -0.211, -1.195, +0.349, +0.243, -0.837, -1.166, -0.366, -0.248, +0.321, -0.627, -0.262, -0.269, +0.407, -0.657]

Computer 1: [-0.312, -0.912, +0.888, +0.510, -0.183, -0.904, +0.412, -0.313, +1.536, +0.508, +1.571, -1.521, +1.105, -0.546, -1.062, +0.616, -0.279, -1.018, +0.180, +0.243, -0.837, -1.249, -0.177, -0.248, +0.321, -0.627, -0.509, -0.386, +0.415, -0.657]
Computer 2: [-0.348, -0.502, +0.888, +0.433, -0.217, -0.957, +0.410, -0.313, +1.536, +0.586, +1.196, -1.292, +1.215, -0.407, -1.291, +0.616, -0.211, -1.195, +0.349, +0.162, -0.837, -1.130, -0.366, -0.248, +0.321, -0.627, -0.262, -0.269, +0.562, -0.657]

Computer 1: [-0.312, -0.912, +0.888, +0.510, -0.183, -0.904, +0.538, -0.313, +1.536, +0.508, +1.647, -1.521, +1.105, -0.546, -1.062, +0.616, -0.279, -0.994, +0.088, +0.243, -0.837, -1.005, -0.177, -0.248, +0.321, -0.627, -0.509, -0.386, +0.506, -0.657]
Computer 2: [-0.348, -0.502, +1.061, +0.433, -0.378, -0.957, +0.410, -0.244, +1.536, +0.586, +1.196, -1.292, +1.215, -0.548, -1.291, +0.616, -0.211, -1.195, +0.349, +0.162, -1.050, -1.107, -0.205, -0.248, +0.321, -0.627, -0.262, -0.269, +0.562, -0.657]

Computer 1: [-0.348, -0.502, +1.061, +0.433, -0.378, -0.957, +0.410, -0.244, +1.450, +0.586, +1.196, -1.292, +1.215, -0.548, -1.248, +0.616, -0.266, -1.195, +0.349, +0.162, -1.043, -1.107, -0.205, -0.248, +0.321, -0.627, -0.040, -0.269, +0.741, -0.755]
Computer 2: [-0.348, -0.502, +1.061, +0.433, -0.378, -0.957, +0.410, -0.244, +1.536, +0.586, +1.196, -1.292, +1.215, -0.548, -1.291, +0.616, -0.211, -1.195, +0.349, +0.162, -1.050, -1.107, -0.205, -0.248, +0.321, -0.627, -0.262, -0.269, +0.562, -0.657]

Computer 1: [-0.348, -0.502, +1.061, +0.433, -0.378, -0.957, +0.410, -0.244, +1.450, +0.586, +1.196, -1.292, +1.215, -0.548, -1.248, +0.616, -0.266, -1.195, +0.349, +0.162, -1.043, -1.107, -0.205, -0.248, +0.321, -0.627, -0.040, -0.269, +0.741, -0.755]
Computer 2: [-0.348, -0.502, +0.871, +0.507, -0.378, -0.957, +0.289, -0.244, +1.450, +0.586, +1.196, -1.292, +1.215, -0.570, -1.248, +0.616, -0.266, -1.195, +0.349, +0.162, -1.043, -1.261, -0.205, -0.481, +0.388, -0.682, -0.223, -0.269, +0.735, -0.755]

Computer 1: [-0.348, -0.502, +0.871, +0.507, -0.351, -0.957, +0.102, -0.189, +1.450, +0.820, +1.196, -1.292, +1.215, -0.570, -1.484, +0.616, -0.266, -1.195, +0.349, +0.162, -1.043, -1.261, -0.205, -0.481, +0.388, -0.682, -0.223, -0.269, +0.735, -0.755]
Computer 2: [-0.348, -0.502, +0.871, +0.507, -0.378, -0.957, +0.289, -0.244, +1.450, +0.586, +1.196, -1.292, +1.215, -0.570, -1.248, +0.616, -0.266, -1.195, +0.349, +0.162, -1.043, -1.261, -0.205, -0.481, +0.388, -0.682, -0.223, -0.269, +0.735, -0.755]

Computer 1: [-0.348, -0.502, +0.871, +0.507, -0.378, -0.957, +0.289, -0.244, +1.450, +0.586, +1.196, -1.292, +1.215, -0.570, -1.248, +0.616, -0.266, -1.195, +0.349, +0.162, -1.043, -1.261, -0.205, -0.481, +0.388, -0.682, -0.223, -0.269, +0.735, -0.755]
Computer 2: [-0.348, -0.502, +0.871, +0.507, -0.351, -0.957, +0.102, -0.189, +1.230, +0.820, +1.196, -1.274, +1.215, -0.570, -1.702, +0.616, -0.266, -1.195, +0.349, +0.361, -1.043, -1.175, -0.419, -0.428, +0.388, -0.888, -0.223, -0.269, +0.554, -0.755]

Computer 1: [-0.348, -0.502, +0.871, +0.507, -0.378, -0.957, +0.289, -0.244, +1.450, +0.586, +1.196, -1.292, +0.990, -0.570, -1.248, +0.616, -0.266, -1.195, +0.349, +0.162, -1.043, -1.261, -0.205, -0.481, +0.388, -0.682, -0.223, -0.269, +0.735, -0.755]
Computer 2: [-0.122, -0.502, +0.986, +0.559, -0.351, -0.828, +0.102, -0.189, +1.247, +0.820, +1.196, -1.152, +1.215, -0.570, -1.702, +0.497, -0.266, -1.195, +0.144, +0.361, -1.043, -1.175, -0.419, -0.233, +0.388, -0.768, -0.223, -0.269, +0.554, -0.755]

Computer 1: [-0.351, -0.502, +1.087, +0.507, -0.269, -0.957, +0.289, -0.244, +1.450, +0.586, +1.196, -1.478, +0.869, -0.570, -1.324, +0.616, -0.299, -1.195, +0.534, +0.162, -1.043, -1.133, -0.424, -0.370, +0.157, -0.651, -0.223, -0.269, +0.735, -0.755]
Computer 2: [-0.348, -0.502, +0.871, +0.507, -0.378, -0.853, +0.289, -0.244, +1.558, +0.586, +1.196, -1.399, +0.990, -0.570, -1.248, +0.616, -0.266, -1.195, +0.349, +0.148, -1.043, -1.261, -0.195, -0.481, +0.388, -0.682, -0.469, -0.269, +0.552, -0.755]

Computer 1: [-0.351, -0.502, +1.087, +0.507, -0.269, -0.876, +0.289, -0.244, +1.425, +0.735, +1.196, -1.570, +1.070, -0.570, -1.324, +0.616, -0.299, -1.195, +0.534, +0.162, -1.043, -1.133, -0.451, -0.597, +0.157, -0.651, -0.223, -0.269, +0.735, -0.939]
Computer 2: [-0.351, -0.502, +1.087, +0.507, -0.269, -1.166, +0.289, -0.244, +1.579, +0.586, +1.196, -1.478, +0.869, -0.453, -1.324, +0.616, -0.336, -1.229, +0.534, +0.162, -1.043, -1.133, -0.424, -0.298, +0.157, -0.651, -0.223, -0.324, +0.735, -0.755]

Computer 1: [-0.351, -0.502, +1.087, +0.348, -0.271, -0.876, +0.289, -0.244, +1.425, +0.735, +1.072, -1.570, +1.136, -0.570, -1.324, +0.616, -0.486, -1.195, +0.534, +0.162, -1.038, -1.133, -0.451, -0.597, -0.088, -0.651, -0.336, -0.269, +0.735, -0.939]
Computer 2: [-0.203, -0.502, +1.087, +0.449, -0.269, -1.069, +0.289, -0.209, +1.425, +0.735, +1.371, -1.570, +1.070, -0.570, -1.324, +0.616, -0.299, -1.195, +0.534, +0.162, -1.043, -1.133, -0.451, -0.597, +0.157, -0.651, -0.223, -0.269, +0.914, -0.939]

Computer 1: [-0.203, -0.502, +1.087, +0.449, -0.269, -1.069, +0.289, -0.209, +1.425, +0.735, +1.371, -1.570, +1.070, -0.570, -1.324, +0.616, -0.299, -1.195, +0.534, +0.162, -1.043, -1.133, -0.451, -0.597, +0.157, -0.651, -0.223, -0.269, +0.914, -0.939]
Computer 2: [-0.203, -0.502, +1.216, +0.449, -0.269, -1.069, +0.255, -0.209, +1.201, +0.735, +1.371, -1.570, +1.070, -0.570, -1.324, +0.616, -0.299, -1.195, +0.534, +0.162, -1.043, -1.133, -0.451, -0.597, +0.124, -0.651, -0.223, -0.269, +0.914, -0.939]

Computer 1: [-0.203, -0.502, +1.216, +0.449, -0.269, -1.069, +0.255, -0.209, +1.201, +0.735, +1.371, -1.570, +1.070, -0.570, -1.324, +0.616, -0.299, -1.195, +0.534, +0.162, -1.043, -1.133, -0.451, -0.597, +0.124, -0.651, -0.223, -0.269, +0.914, -0.939]
Computer 2: [-0.203, -0.728, +1.087, +0.449, -0.269, -1.069, +0.289, -0.209, +1.425, +0.735, +1.371, -1.570, +1.070, -0.570, -1.324, +0.616, -0.299, -1.106, +0.534, +0.162, -1.043, -1.133, -0.422, -0.425, +0.309, -0.651, -0.223, -0.269, +1.029, -0.939]
