
Computer 1: [+0.655, -0.122, +0.273, +0.924, -0.613, -0.008, +0.861, +0.163, +0.845, +0.732, +0.503, -0.715, -0.405, -0.551, +0.389, +0.221, +0.372, +0.364, +0.853, -0.962, -0.142, -0.538, -0.459, -0.594, -0.271, +0.171, +0.236, +0.259, -0.872, +0.391]
Computer 2: [+0.493, -0.936, -0.595, +0.737, +0.885, +0.925, -0.715, +0.436, -0.052, -0.503, -0.581, +0.641, -0.672, +0.313, -0.358, -0.788, +0.693, -0.531, +0.203, +0.817, +0.352, +0.171, +0.704, +0.150, +0.661, +0.834, +0.967, -0.421, +0.820, -0.532]

Computer 1: [+0.655, -0.122, +0.273, +0.924, -0.613, -0.008, +0.861, +0.405, +0.845, +0.878, +0.503, -0.715, -0.405, -0.551, +0.389, +0.221, +0.537, +0.364, +0.949, -1.137, -0.142, -0.538, -0.459, -0.594, -0.271, +0.181, +0.236, +0.259, -0.872, +0.240]
Computer 2: [+0.655, +0.032, +0.159, +1.022, -0.613, -0.008, +0.861, +0.149, +0.845, +0.732, +0.503, -0.715, -0.405, -0.551, +0.190, +0.221, +0.372, +0.364, +0.853, -0.962, -0.142, -0.538, -0.459, -0.594, -0.271, +0.171, +0.236, +0.259, -1.026, +0.391]

Computer 1: [+0.655, +0.032, +0.159, +1.022, -0.613, -0.008, +0.861, +0.149, +0.845, +0.732, +0.503, -0.715, -0.405, -0.551, +0.190, +0.221, +0.372, +0.364, +0.853, -0.962, -0.142, -0.538, -0.459, -0.594, -0.271, +0.171, +0.236, +0.259, -1.026, +0.391]
Computer 2: [+0.655, -0.122, +0.273, +0.924, -0.613, -0.008, +0.849, +0.180, +0.845, +0.878, +0.503, -0.715, -0.405, -0.551, +0.389, +0.221, +0.537, +0.364, +1.028, -1.124, -0.142, -0.538, -0.459, -0.621, -0.271, +0.181, +0.236, +0.277, -0.872, +0.240]

Computer 1: [+0.655, +0.032, +0.159, +1.022, -0.613, +0.167, +0.861, -0.052, +1.066, +0.732, +0.503, -0.715, -0.243, -0.551, +0.190, +0.012, +0.372, +0.364, +0.853, -0.962, -0.142, -0.587, -0.459, -0.594, -0.271, +0.146, +0.252, +0.259, -1.026, +0.391]
Computer 2: [+0.902, +0.925, -0.145, -0.050, -0.126, -0.688, -0.998, -0.527, +0.726, -0.347, +0.621, -0.223, +0.063, +0.078, -0.544, +0.983, -0.030, +0.840, +0.547, +0.710, -0.514, +0.130, +0.128, +0.147, +0.785, -0.258, +0.916, +0.374, +0.547, -0.036]

Computer 1: [+0.902, +0.925, -0.145, -0.050, -0.126, -0.688, -0.998, -0.527, +0.726, -0.347, +0.621, -0.223, +0.063, +0.078, -0.544, +0.983, -0.030, +0.840, +0.547, +0.710, -0.514, +0.130, +0.128, +0.147, +0.785, -0.258, +0.916, +0.374, +0.547, -0.036]
Computer 2: [+0.902, +1.116, -0.145, -0.050, -0.126, -0.513, -0.778, -0.432, +0.726, -0.347, +0.621, -0.223, +0.063, +0.078, -0.544, +0.983, -0.030, +0.904, +0.547, +0.710, -0.514, +0.130, +0.128, +0.147, +0.785, -0.258, +0.916, +0.374, +0.547, +0.155]

Computer 1: [+0.791, -0.802, -0.317, -0.834, +0.798, +0.662, -0.889, -0.018, +0.286, -0.546, -0.945, -0.489, -0.274, -0.979, -0.776, +0.599, -0.731, -0.005, -0.489, +0.899, +0.395, +0.690, -0.149, +0.161, +0.843, +0.300, -0.396, -0.786, +0.855, +0.485]
Computer 2: [+0.135, +0.015, -0.142, -0.828, +0.841, -0.288, -0.710, -0.878, +0.997, +0.293, +0.836, +0.330, +0.857, -0.533, -0.300, +0.270, +0.344, +0.206, +0.420, -0.461, -0.394, +0.215, +0.776, +0.514, -0.713, -0.123, -0.614, +0.075, -0.523, -0.138]

Computer 1: [+0.791, -0.802, -0.317, -0.834, +0.798, +0.662, -0.889, -0.018, +0.286, -0.546, -0.945, -0.489, -0.274, -0.979, -0.776, +0.599, -0.731, -0.005, -0.489, +0.899, +0.395, +0.690, -0.149, +0.161, +0.843, +0.300, -0.396, -0.786, +0.855, +0.485]
Computer 2: [+0.791, -0.670, -0.317, -0.834, +0.798, +0.559, -0.889, -0.018, +0.286, -0.681, -0.945, -0.375, -0.274, -1.056, -0.776, +0.599, -0.731, -0.005, -0.489, +0.899, +0.577, +0.690, -0.149, +0.044, +1.018, +0.380, -0.396, -0.943, +0.855, +0.485]

Computer 1: [+0.791, -0.802, -0.401, -0.834, +0.833, +0.662, -0.889, -0.018, +0.286, -0.546, -0.945, -0.489, -0.274, -0.979, -0.976, +0.599, -0.731, -0.005, -0.489, +1.126, +0.395, +0.690, -0.262, +0.161, +0.847, +0.310, -0.640, -0.786, +0.855, +0.485]
Computer 2: [+0.812, -0.436, +0.963, -0.689, +0.047, -0.655, -0.849, +0.049, +0.348, +0.305, +0.373, +0.198, -0.006, +0.210, -0.527, +0.786, -0.887, +0.505, -0.493, -0.983, -0.644, +0.537, +0.739, -0.836, +0.549, +0.937, +0.186, +0.420, -0.859, +0.135]

Computer 1: [+0.860, -0.391, +0.963, -0.865, -0.194, -0.655, -0.849, +0.049, +0.348, +0.305, +0.135, +0.198, +0.095, +0.210, -0.527, +0.786, -0.887, +0.505, -0.493, -0.983, -0.644, +0.537, +0.739, -0.856, +0.462, +0.937, +0.186, +0.420, -0.859, +0.135]
Computer 2: [+0.791, -0.639, -0.401, -0.834, +0.833, +0.662, -0.889, -0.018, +0.286, -0.546, -0.945, -0.489, -0.274, -1.170, -0.892, +0.832, -0.731, -0.005, -0.489, +1.126, +0.507, +0.885, -0.262, +0.404, +0.847, +0.310, -0.640, -0.786, +0.855, +0.485]

Computer 1: [+0.860, -0.299, +0.972, -0.865, -0.194, -0.655, -0.849, +0.049, +0.348, +0.305, +0.136, +0.198, +0.095, +0.210, -0.527, +0.786, -1.001, +0.505, -0.493, -1.039, -0.443, +0.537, +0.739, -1.050, +0.601, +0.937, +0.186, +0.420, -0.859, +0.135]
Computer 2: [+0.129, -0.570, -0.372, +0.524, +0.027, -0.431, +0.913, -0.067, -0.871, +0.027, +0.600, +0.905, -0.666, -0.630, -0.941, +0.890, +0.672, +0.063, -0.561, +0.766, -0.779, +0.114, +0.553, -0.227, -0.342, -0.715, +0.284, -0.680, -0.992, -0.138]

Computer 1: [+0.860, -0.299, +0.972, -0.732, -0.194, -0.655, -0.819, +0.049, +0.348, +0.305, +0.136, +0.198, +0.095, +0.210, -0.527, +0.906, -1.001, +0.505, -0.719, -1.039, -0.425, +0.470, +0.739, -1.050, +0.752, +0.937, +0.186, +0.420, -0.872, +0.135]
Computer 2: [+0.860, -0.299, +0.972, -0.865, -0.194, -0.655, -0.837, +0.049, +0.347, +0.191, +0.136, +0.198, +0.095, +0.200, -0.527, +0.786, -1.001, +0.505, -0.493, -1.039, -0.443, +0.537, +0.739, -1.050, +0.601, +0.937, +0.237, +0.420, -0.859, +0.135]

Computer 1: [+0.860, -0.299, +0.972, -0.732, -0.194, -0.655, -0.903, +0.049, +0.348, +0.305, +0.136, +0.198, +0.095, +0.210, -0.527, +0.801, -0.790, +0.505, -0.952, -1.091, -0.425, +0.311, +0.739, -1.050, +0.752, +0.937, +0.186, +0.420, -0.872, +0.135]
Computer 2: [+0.860, -0.168, +0.972, -0.732, -0.194, -0.655, -0.819, +0.049, +0.348, +0.305, +0.136, +0.198, +0.212, +0.210, -0.527, +0.906, -0.888, +0.505, -0.719, -1.039, -0.425, +0.470, +0.739, -1.050, +0.752, +0.856, +0.194, +0.420, -0.872, +0.135]

Computer 1: [+0.860, -0.168, +0.972, -0.732, -0.194, -0.655, -0.819, +0.049, +0.348, +0.305, +0.136, +0.198, +0.212, +0.210, -0.527, +0.906, -0.888, +0.505, -0.719, -1.039, -0.425, +0.470, +0.739, -1.050, +0.752, +0.856, +0.194, +0.420, -0.872, +0.135]
Computer 2: [+0.037, -0.392, +0.637, +0.205, -0.476, +0.744, -0.512, -0.840, +0.419, +0.231, +0.352, -0.251, +0.349, -0.144, +0.898, -0.074, -0.935, +0.024, -0.422, +0.893, +0.018, -0.429, -0.882, +0.710, +0.917, -0.553, +0.545, -0.157, -0.559, -0.360]

Computer 1: [+0.860, -0.168, +0.972, -0.732, -0.194, -0.655, -0.819, +0.049, +0.348, +0.305, +0.136, +0.424, +0.212, +0.210, -0.527, +0.906, -0.888, +0.505, -0.686, -1.039, -0.425, +0.470, +0.739, -1.050, +0.752, +0.856, +0.443, +0.281, -0.872, +0.135]
Computer 2: [+0.860, -0.168, +0.972, -0.732, -0.194, -0.655, -0.819, +0.049, +0.348, +0.305, +0.136, +0.198, +0.212, +0.210, -0.527, +0.906, -0.888, +0.505, -0.719, -1.039, -0.425, +0.470, +0.739, -1.050, +0.752, +0.856, +0.194, +0.420, -0.872, +0.135]

Computer 1: [+0.860, -0.387, +0.972, -0.735, -0.194, -0.655, -0.819, +0.049, +0.348, +0.305, +0.136, +0.198, +0.252, +0.210, -0.527, +0.906, -0.888, +0.505, -0.719, -1.286, -0.580, +0.470, +0.739, -1.050, +0.752, +0.856, +0.194, +0.214, -0.872, +0.135]
Computer 2: [+0.860, -0.184, +0.972, -0.732, -0.194, -0.655, -0.771, +0.049, +0.510, +0.305, +0.021, +0.424, +0.212, +0.210, -0.527, +0.686, -0.911, +0.505, -0.800, -1.184, -0.425, +0.470, +0.872, -0.942, +0.752, +0.856, +0.443, +0.281, -0.872, +0.135]

Computer 1: [+0.860, -0.184, +0.972, -0.732, -0.194, -0.655, -0.556, +0.049, +0.510, +0.305, +0.021, +0.424, +0.212, +0.210, -0.527, +0.686, -0.911, +0.505, -0.800, -1.213, -0.425, +0.342, +0.872, -0.942, +0.752, +0.856, +0.443, +0.281, -0.872, +0.206]
Computer 2: [+0.860, -0.387, +0.972, -0.735, -0.194, -0.655, -0.819, +0.049, +0.348, +0.305, +0.136, +0.198, +0.252, +0.210, -0.527, +0.906, -0.888, +0.505, -0.719, -1.286, -0.580, +0.470, +0.739, -1.050, +0.752, +0.856, +0.194, +0.214, -0.872, +0.135]

Computer 1: [+0.860, -0.387, +0.972, -0.735, -0.194, -0.796, -0.819, +0.049, +0.348, +0.305, +0.136, +0.198, +0.252, +0.210, -0.449, +0.906, -0.888, +0.585, -0.719, -1.347, -0.580, +0.470, +0.739, -1.050, +0.996, +0.856, +0.194, +0.383, -0.872, +0.182]
Computer 2: [+0.860, -0.387, +0.981, -0.753, +0.006, -0.655, -0.819, +0.036, +0.592, +0.305, +0.136, +0.198, +0.252, +0.210, -0.527, +0.906, -0.888, +0.505, -0.719, -1.286, -0.580, +0.470, +0.739, -0.950, +0.752, +0.704, +0.194, +0.214, -0.872, +0.135]

Computer 1: [+0.860, -0.283, +0.972, -0.735, -0.194, -0.796, -0.819, +0.034, +0.348, +0.114, +0.136, +0.198, +0.321, +0.210, -0.465, +0.906, -0.888, +0.585, -0.719, -1.347, -0.580, +0.470, +0.739, -1.050, +0.814, +0.856, +0.194, +0.383, -0.872, +0.182]
Computer 2: [+0.352, -0.016, +0.158, -0.043, +0.004, +0.692, +0.396, +0.958, +0.361, +0.454, -0.043, +0.116, -0.234, -0.636, -0.499, +0.652, -0.442, -0.384, +0.576, -0.511, -0.377, +0.509, -0.539, -0.726, +0.372, -0.775, -0.648, -0.337, -0.082, -0.681]

Computer 1: [+0.860, -0.283, +0.972, -0.735, -0.194, -0.796, -0.819, +0.034, +0.348, +0.114, +0.136, +0.198, +0.321, +0.210, -0.465, +0.906, -0.888, +0.585, -0.719, -1.347, -0.580, +0.470, +0.739, -1.050, +0.814, +0.856, +0.194, +0.383, -0.872, +0.182]
Computer 2: [+0.860, -0.283, +0.972, -0.735, -0.194, -0.640, -0.819, -0.049, +0.348, +0.114, +0.136, +0.443, +0.321, +0.210, -0.465, +0.906, -0.836, +0.585, -0.900, -1.347, -0.580, +0.470, +0.739, -1.050, +0.689, +0.856, +0.194, +0.299, -0.872, +0.182]

Computer 1: [+0.860, -0.283, +0.972, -0.735, -0.194, -0.640, -0.819, -0.049, +0.348, +0.114, +0.136, +0.443, +0.321, +0.210, -0.465, +0.906, -0.836, +0.585, -0.900, -1.347, -0.580, +0.470, +0.739, -1.050, +0.689, +0.856, +0.194, +0.299, -0.872, +0.182]
Computer 2: [+0.860, -0.438, +0.749, -0.706, -0.194, -0.640, -0.958, -0.049, +0.348, +0.114, +0.136, +0.443, +0.321, +0.368, -0.465, +0.906, -0.836, +0.585, -0.900, -1.347, -0.580, +0.583, +0.739, -1.050, +0.689, +0.856, +0.194, +0.140, -0.872, +0.182]

Computer 1: [+0.860, -0.283, +0.972, -0.735, -0.194, -0.640, -0.819, -0.049, +0.348, +0.114, +0.136, +0.443, +0.321, +0.210, -0.465, +0.906, -0.836, +0.585, -0.900, -1.347, -0.580, +0.470, +0.739, -1.050, +0.689, +0.856, +0.194, +0.299, -0.872, +0.182]
Computer 2: [+0.860, -0.438, +0.749, -0.706, -0.194, -0.640, -0.958, -0.049, +0.348, +0.114, +0.136, +0.443, +0.321, +0.368, -0.465, +0.906, -0.836, +0.585, -0.900, -1.347, -0.580, +0.583, +0.739, -1.050, +0.689, +0.856, +0.194, +0.140, -0.872, +0.182]

Computer 1: [+0.860, -0.283, +0.972, -0.735, -0.194, -0.640, -1.005, -0.049, +0.348, +0.233, -0.080, +0.443, +0.321, +0.210, -0.243, +0.906, -0.694, +0.785, -0.900, -1.347, -0.580, +0.543, +0.534, -1.050, +0.698, +0.856, +0.194, +0.299, -0.872, +0.068]
Computer 2: [+0.860, -0.438, +0.749, -0.706, -0.194, -0.640, -0.958, -0.049, +0.348, +0.114, +0.136, +0.443, +0.321, +0.368, -0.465, +0.906, -0.836, +0.585, -0.900, -1.347, -0.580, +0.583, +0.739, -1.050, +0.689, +0.856, +0.194, +0.140, -0.872, +0.182]

Computer 1: [+1.017, -0.438, +0.675, -0.706, -0.194, -0.640, -0.958, +0.041, +0.348, +0.061, +0.136, +0.443, +0.321, +0.368, -0.259, +0.906, -0.836, +0.585, -0.900, -1.347, -0.580, +0.583, +0.739, -1.050, +0.689, +0.856, +0.194, +0.140, -0.872, +0.182]
Computer 2: [+0.139, -0.025, -0.161, +0.984, -0.888, +0.941, +0.995, -0.157, -0.896, +0.618, +0.132, -0.321, +0.809, -0.586, +0.328, +0.714, +0.382, -0.895, +0.292, +0.486, -0.020, +0.952, -0.521, -0.925, +0.046, -0.221, +0.564, -0.387, -0.426, -0.150]

Computer 1: [+0.179, -0.092, -0.161, +0.984, -0.949, +0.941, +0.995, -0.157, -1.110, +0.618, +0.132, -0.321, +0.809, -0.586, +0.328, +0.714, +0.382, -0.895, +0.292, +0.486, -0.020, +0.952, -0.521, -0.925, +0.066, -0.221, +0.564, -0.387, -0.426, -0.150]
Computer 2: [+1.017, -0.438, +0.675, -0.706, -0.194, -0.640, -0.958, +0.041, +0.348, +0.061, +0.136, +0.443, +0.321, +0.368, -0.259, +0.906, -0.836, +0.585, -0.900, -1.347, -0.580, +0.583, +0.739, -1.050, +0.689, +0.856, +0.194, +0.140, -0.872, +0.182]

Computer 1: [+0.179, -0.092, -0.161, +0.984, -0.949, +0.941, +0.995, -0.157, -1.110, +0.618, +0.132, -0.321, +0.809, -0.586, +0.328, +0.714, +0.382, -0.895, +0.292, +0.486, -0.020, +0.952, -0.521, -0.925, +0.066, -0.221, +0.564, -0.387, -0.426, -0.150]
Computer 2: [+0.179, -0.092, -0.161, +0.984, -0.949, +0.941, +0.978, -0.157, -1.110, +0.618, +0.132, -0.393, +0.809, -0.586, +0.328, +0.714, +0.382, -0.895, +0.292, +0.486, -0.143, +0.952, -0.521, -1.080, +0.066, -0.221, +0.564, -0.387, -0.426, -0.150]

Computer 1: [+0.179, -0.153, -0.233, +0.984, -0.930, +1.055, +0.978, -0.157, -1.110, +0.438, +0.132, -0.393, +0.809, -0.586, +0.328, +0.714, +0.382, -0.895, +0.354, +0.486, -0.143, +0.952, -0.521, -1.269, +0.066, -0.272, +0.780, -0.583, -0.426, -0.203]
Computer 2: [+0.179, -0.092, -0.161, +0.984, -0.949, +0.941, +0.978, -0.157, -1.110, +0.618, +0.132, -0.393, +0.832, -0.586, +0.424, +0.714, +0.382, -0.895, +0.292, +0.486, +0.002, +1.122, -0.521, -1.080, +0.066, -0.221, +0.564, -0.195, -0.426, -0.150]

Computer 1: [+0.179, -0.304, -0.161, +0.822, -0.949, +0.770, +0.978, -0.157, -1.110, +0.618, -0.062, -0.393, +0.873, -0.586, +0.424, +0.714, +0.382, -0.801, +0.292, +0.360, +0.002, +1.051, -0.521, -1.080, +0.066, -0.221, +0.660, -0.195, -0.426, -0.150]
Computer 2: [+0.402, -0.092, -0.161, +0.745, -0.949, +0.941, +0.978, -0.157, -1.110, +0.618, +0.132, -0.325, +0.870, -0.773, +0.424, +0.714, +0.336, -0.895, +0.292, +0.486, -0.164, +1.101, -0.521, -1.080, +0.066, -0.221, +0.564, -0.195, -0.281, +0.010]

Computer 1: [+0.402, -0.092, -0.161, +0.745, -1.127, +0.751, +0.978, -0.353, -1.118, +0.618, +0.132, -0.325, +0.921, -0.773, +0.350, +0.714, +0.336, -0.895, +0.094, +0.486, -0.164, +1.101, -0.521, -1.080, +0.066, -0.221, +0.503, -0.195, -0.281, +0.130]
Computer 2: [+0.179, -0.304, -0.161, +0.822, -0.949, +0.933, +0.978, -0.157, -1.324, +0.618, -0.062, -0.361, +0.873, -0.586, +0.238, +0.714, +0.382, -0.801, +0.292, +0.360, +0.002, +1.051, -0.521, -1.127, +0.066, -0.221, +0.660, -0.195, -0.426, -0.150]

Computer 1: [+0.402, -0.092, -0.161, +0.745, -1.127, +0.668, +0.978, -0.353, -1.118, +0.618, +0.092, -0.325, +0.990, -0.773, +0.350, +0.714, +0.114, -0.895, -0.148, +0.290, -0.164, +1.101, -0.636, -1.187, +0.066, -0.221, +0.503, -0.195, -0.281, +0.130]
Computer 2: [+0.402, -0.092, -0.161, +0.745, -1.127, +0.751, +0.978, -0.353, -1.118, +0.618, +0.132, -0.325, +0.921, -0.773, +0.350, +0.714, +0.336, -0.895, +0.094, +0.486, -0.164, +1.101, -0.521, -1.080, +0.066, -0.221, +0.503, -0.195, -0.281, +0.130]

Computer 1: [+0.402, -0.092, -0.161, +0.745, -1.127, +0.668, +0.978, -0.353, -1.118, +0.618, +0.092, -0.325, +0.990, -0.773, +0.350, +0.714, +0.114, -0.895, -0.148, +0.290, -0.164, +1.101, -0.636, -1.187, +0.066, -0.221, +0.503, -0.195, -0.281, +0.130]
Computer 2: [+0.402, +0.109, -0.161, +0.745, -0.926, +0.697, +1.128, -0.353, -1.118, +0.470, +0.092, -0.325, +0.990, -0.773, +0.350, +0.628, +0.114, -0.895, -0.198, +0.290, -0.164, +1.101, -0.636, -1.263, +0.066, -0.221, +0.503, -0.195, -0.281, +0.130]

Computer 1: [+0.402, -0.092, -0.161, +0.745, -1.127, +0.668, +0.978, -0.353, -1.118, +0.797, +0.289, -0.325, +0.990, -0.990, +0.350, +0.706, +0.114, -0.829, -0.148, +0.290, -0.164, +1.101, -0.636, -1.193, +0.066, -0.221, +0.509, -0.195, -0.281, +0.130]
Computer 2: [+0.402, -0.092, -0.161, +0.745, -1.127, +0.668, +0.978, -0.353, -1.118, +0.618, +0.092, -0.325, +0.990, -0.773, +0.350, +0.714, +0.114, -0.895, -0.148, +0.290, -0.164, +1.101, -0.636, -1.187, +0.066, -0.221, +0.503, -0.195, -0.281, +0.130]

Computer 1: [+0.402, -0.092, -0.161, +0.557, -1.127, +0.668, +0.978, -0.368, -1.118, +0.939, +0.289, -0.325, +0.990, -0.990, +0.350, +0.706, +0.114, -0.829, +0.002, +0.290, -0.164, +1.101, -0.636, -1.193, +0.066, -0.221, +0.509, +0.042, -0.281, +0.130]
Computer 2: [+0.402, -0.092, -0.161, +0.547, -1.127, +0.668, +0.978, -0.353, -1.118, +0.618, +0.092, -0.325, +0.775, -0.742, +0.350, +0.733, +0.002, -0.895, -0.148, +0.290, +0.080, +1.101, -0.557, -1.187, +0.066, -0.066, +0.314, -0.195, -0.281, -0.118]

Computer 1: [+0.402, -0.092, -0.161, +0.547, -1.127, +0.668, +0.978, -0.353, -1.118, +0.618, +0.092, -0.325, +0.775, -0.742, +0.350, +0.733, +0.002, -0.895, -0.148, +0.290, +0.080, +1.101, -0.557, -1.187, +0.066, -0.066, +0.314, -0.195, -0.281, -0.118]
Computer 2: [+0.402, -0.092, -0.161, +0.309, -1.127, +0.668, +0.978, -0.353, -1.118, +0.618, -0.002, -0.325, +0.982, -0.742, +0.350, +0.733, +0.002, -1.036, -0.148, +0.371, +0.080, +1.080, -0.557, -1.187, +0.066, -0.066, +0.314, -0.195, -0.281, -0.118]

Computer 1: [+0.402, -0.092, -0.161, +0.547, -1.127, +0.668, +0.852, -0.524, -1.118, +0.654, +0.092, -0.325, +0.775, -0.742, +0.383, +0.976, -0.028, -0.895, -0.148, +0.290, +0.179, +1.101, -0.557, -1.187, +0.066, -0.066, +0.314, -0.195, -0.281, -0.160]
Computer 2: [+0.402, -0.092, -0.161, +0.309, -1.127, +0.668, +0.978, -0.353, -1.118, +0.618, -0.002, -0.325, +0.982, -0.742, +0.350, +0.733, +0.002, -1.036, -0.148, +0.371, +0.080, +1.080, -0.557, -1.187, +0.066, -0.066, +0.314, -0.195, -0.281, -0.118]

Computer 1: [+0.402, -0.092, -0.161, +0.547, -1.127, +0.668, +0.852, -0.524, -1.118, +0.654, +0.092, -0.325, +0.775, -0.742, +0.383, +0.976, -0.028, -0.895, -0.148, +0.290, +0.179, +1.101, -0.557, -1.187, +0.066, -0.066, +0.314, -0.195, -0.281, -0.160]
Computer 2: [+0.402, -0.092, -0.161, +0.309, -1.127, +0.668, +0.978, -0.353, -1.118, +0.618, -0.002, -0.325, +0.982, -0.742, +0.350, +0.733, +0.002, -1.036, -0.148, +0.371, +0.080, +1.080, -0.557, -1.187, +0.066, -0.066, +0.314, -0.195, -0.281, -0.118]

Computer 1: [+0.402, -0.092, -0.053, +0.547, -1.127, +0.668, +0.852, -0.652, -1.118, +0.654, -0.071, -0.539, +0.775, -0.742, +0.299, +0.976, -0.028, -0.742, -0.148, +0.290, +0.179, +1.101, -0.543, -1.187, +0.066, -0.085, +0.314, -0.142, -0.281, -0.160]
Computer 2: [+0.402, -0.092, -0.161, +0.402, -1.279, +0.668, +0.846, -0.353, -1.118, +0.618, -0.002, -0.325, +0.982, -0.742, +0.440, +0.733, +0.002, -1.036, -0.366, +0.371, +0.081, +1.080, -0.745, -1.187, +0.066, -0.066, +0.309, -0.195, -0.281, -0.118]

Computer 1: [+0.402, -0.092, -0.053, +0.547, -1.127, +0.668, +0.852, -0.652, -1.118, +0.654, -0.071, -0.539, +0.775, -0.742, +0.299, +0.976, -0.028, -0.742, -0.148, +0.290, +0.179, +1.101, -0.543, -1.187, +0.066, -0.085, +0.314, -0.142, -0.281, -0.160]
Computer 2: [+0.402, -0.092, -0.193, +0.660, -1.127, +0.668, +0.919, -0.652, -1.118, +0.654, -0.297, -0.539, +0.956, -0.742, +0.299, +0.976, -0.028, -0.742, -0.148, +0.290, +0.179, +1.101, -0.543, -1.187, +0.066, -0.085, +0.314, -0.142, -0.183, -0.381]

Computer 1: [+0.402, -0.092, -0.193, +0.660, -1.127, +0.754, +0.831, -0.652, -1.118, +0.654, -0.297, -0.539, +1.086, -0.742, +0.299, +0.976, -0.028, -0.742, -0.148, +0.290, +0.179, +1.141, -0.543, -1.187, +0.066, -0.085, +0.314, -0.142, -0.125, -0.381]
Computer 2: [+0.402, -0.092, -0.053, +0.547, -1.127, +0.668, +0.852, -0.652, -1.118, +0.654, -0.071, -0.539, +0.775, -0.742, +0.299, +0.976, -0.028, -0.742, -0.148, +0.290, +0.179, +1.101, -0.543, -1.187, +0.066, -0.085, +0.314, -0.142, -0.281, -0.160]

Computer 1: [+0.402, -0.155, -0.193, +0.660, -0.999, +0.754, +0.793, -0.652, -1.062, +0.654, -0.297, -0.539, +1.056, -0.742, +0.299, +0.976, -0.028, -0.742, -0.129, +0.290, +0.179, +1.141, -0.543, -1.187, +0.119, -0.085, +0.314, -0.142, +0.121, -0.381]
Computer 2: [+0.402, -0.092, -0.230, +0.547, -1.007, +0.668, +0.938, -0.652, -1.118, +0.654, -0.071, -0.730, +0.775, -0.916, +0.299, +0.976, -0.028, -0.609, -0.148, +0.214, +0.179, +1.101, -0.543, -1.187, +0.066, -0.085, +0.258, +0.027, -0.281, -0.160]

Computer 1: [+0.402, -0.092, -0.437, +0.547, -1.007, +0.668, +1.060, -0.652, -1.118, +0.654, -0.071, -0.730, +0.775, -0.916, +0.299, +0.976, +0.156, -0.609, -0.148, +0.082, +0.162, +1.101, -0.543, -1.187, +0.066, -0.085, +0.258, +0.027, -0.281, -0.216]
Computer 2: [+0.402, -0.092, -0.230, +0.547, -1.064, +0.677, +0.938, -0.652, -1.118, +0.654, -0.071, -0.730, +0.775, -0.916, +0.299, +0.976, -0.028, -0.609, -0.148, +0.243, +0.028, +1.101, -0.543, -1.253, +0.066, -0.085, +0.258, +0.027, -0.491, -0.402]

Computer 1: [+0.402, -0.092, -0.427, +0.696, -1.007, +0.668, +1.060, -0.652, -1.118, +0.654, -0.071, -0.612, +0.671, -0.697, +0.299, +0.976, +0.156, -0.382, -0.148, +0.082, +0.162, +1.101, -0.543, -1.124, +0.066, -0.085, +0.258, +0.027, -0.281, -0.216]
Computer 2: [+0.402, -0.092, -0.467, +0.547, -1.064, +0.677, +0.938, -0.652, -1.118, +0.654, -0.071, -0.730, +0.775, -0.916, +0.299, +0.976, -0.042, -0.609, -0.148, +0.259, -0.159, +1.101, -0.543, -1.253, +0.035, +0.022, +0.258, +0.027, -0.316, -0.402]

Computer 1: [+0.402, -0.092, -0.222, +0.547, -1.064, +0.677, +0.939, -0.652, -1.118, +0.654, -0.071, -0.730, +0.775, -1.053, +0.299, +0.911, +0.114, -0.609, -0.148, +0.259, -0.098, +1.032, -0.543, -1.425, +0.035, +0.022, +0.258, +0.027, -0.316, -0.402]
Computer 2: [+0.402, -0.092, -0.467, +0.547, -1.064, +0.677, +0.938, -0.652, -1.118, +0.654, -0.071, -0.730, +0.775, -0.916, +0.299, +0.976, -0.042, -0.609, -0.148, +0.259, -0.159, +1.101, -0.543, -1.253, +0.035, +0.022, +0.258, +0.027, -0.316, -0.402]

Computer 1: [+0.402, -0.092, -0.222, +0.547, -1.064, +0.677, +0.939, -0.652, -1.118, +0.654, -0.071, -0.730, +0.775, -1.053, +0.299, +0.911, +0.114, -0.609, -0.148, +0.259, -0.098, +1.032, -0.543, -1.425, +0.035, +0.022, +0.258, +0.027, -0.316, -0.402]
Computer 2: [+0.402, -0.092, -0.467, +0.547, -1.064, +0.677, +0.938, -0.652, -1.118, +0.654, -0.071, -0.730, +0.775, -0.916, +0.299, +0.976, -0.042, -0.609, -0.148, +0.259, -0.159, +1.101, -0.543, -1.253, +0.035, +0.022, +0.258, +0.027, -0.316, -0.402]

Computer 1: [+0.402, -0.092, -0.222, +0.547, -1.064, +0.919, +1.177, -0.652, -1.248, +0.654, -0.071, -0.730, +0.775, -1.053, +0.299, +0.911, +0.018, -0.609, -0.148, +0.259, -0.098, +0.992, -0.543, -1.197, +0.035, +0.022, +0.258, +0.166, -0.316, -0.402]
Computer 2: [+0.402, -0.092, -0.349, +0.547, -1.064, +0.651, +0.939, -0.652, -1.118, +0.654, -0.082, -0.730, +0.943, -1.053, +0.299, +0.911, +0.114, -0.537, -0.148, +0.259, +0.074, +1.231, -0.543, -1.425, +0.035, +0.022, +0.258, -0.054, -0.316, -0.269]

Computer 1: [+0.402, -0.284, -0.222, +0.488, -0.885, +0.919, +1.177, -0.652, -1.248, +0.654, -0.071, -0.808, +0.775, -1.053, +0.299, +0.911, +0.018, -0.609, -0.148, +0.259, -0.098, +0.992, -0.543, -1.197, +0.237, +0.022, +0.258, +0.110, -0.316, -0.402]
Computer 2: [+0.402, -0.092, -0.349, +0.547, -1.064, +0.651, +0.939, -0.517, -0.989, +0.522, -0.082, -0.730, +0.943, -1.053, +0.350, +0.911, +0.114, -0.537, -0.148, +0.259, +0.074, +1.231, -0.543, -1.425, +0.035, -0.150, +0.258, -0.054, -0.316, -0.269]

Computer 1: [+0.402, -0.092, -0.257, +0.547, -1.064, +0.651, +1.029, -0.517, -0.989, +0.522, -0.082, -0.730, +0.943, -1.053, +0.109, +0.911, +0.114, -0.537, -0.065, +0.259, -0.153, +1.231, -0.653, -1.425, +0.035, -0.150, +0.258, -0.054, -0.331, -0.269]
Computer 2: [+0.402, -0.284, -0.222, +0.488, -0.885, +0.919, +1.177, -0.652, -1.248, +0.654, -0.071, -0.808, +0.775, -1.053, +0.299, +0.911, +0.018, -0.609, -0.148, +0.259, -0.098, +0.992, -0.543, -1.197, +0.237, +0.022, +0.258, +0.110, -0.316, -0.402]

Computer 1: [+0.402, -0.092, -0.257, +0.547, -1.064, +0.651, +1.029, -0.517, -0.989, +0.522, -0.082, -0.730, +0.943, -1.053, +0.109, +0.911, +0.114, -0.537, -0.065, +0.259, -0.153, +1.231, -0.653, -1.425, +0.035, -0.150, +0.258, -0.054, -0.331, -0.269]
Computer 2: [+0.402, -0.092, -0.257, +0.315, -1.064, +0.651, +1.029, -0.517, -0.989, +0.522, -0.082, -0.730, +1.031, -1.053, +0.109, +0.911, -0.090, -0.537, -0.241, +0.259, -0.153, +1.231, -0.653, -1.425, +0.035, -0.147, +0.339, -0.054, -0.331, -0.054]

Computer 1: [+0.402, -0.092, -0.257, +0.387, -1.137, +0.651, +1.029, -0.517, -0.989, +0.522, -0.263, -0.634, +0.943, -1.053, +0.109, +0.911, +0.114, -0.537, -0.065, +0.259, -0.132, +1.373, -0.604, -1.262, +0.035, -0.150, +0.258, +0.164, -0.331, -0.269]
Computer 2: [+0.402, -0.092, -0.257, +0.315, -1.064, +0.651, +1.029, -0.517, -0.989, +0.522, -0.082, -0.730, +1.031, -1.053, +0.109, +0.911, -0.090, -0.537, -0.241, +0.259, -0.153, +1.231, -0.653, -1.425, +0.035, -0.147, +0.339, -0.054, -0.331, -0.054]

Computer 1: [+0.402, -0.092, -0.257, +0.315, -1.064, +0.651, +0.856, -0.517, -0.989, +0.522, +0.096, -0.561, +1.031, -1.053, +0.109, +0.911, -0.026, -0.508, -0.368, +0.215, -0.153, +1.231, -0.653, -1.425, +0.035, -0.147, +0.339, -0.054, -0.331, -0.054]
Computer 2: [+0.402, -0.216, -0.257, +0.225, -1.247, +0.699, +1.029, -0.517, -0.989, +0.522, -0.263, -0.397, +0.943, -1.053, +0.189, +0.911, +0.114, -0.537, -0.185, +0.259, -0.132, +1.373, -0.845, -1.262, +0.035, -0.150, +0.082, +0.170, -0.331, -0.221]

Computer 1: [+0.305, -0.092, -0.257, +0.315, -1.064, +0.651, +0.856, -0.517, -1.033, +0.522, +0.197, -0.342, +1.031, -1.053, +0.109, +0.983, -0.026, -0.508, -0.368, +0.215, -0.283, +1.231, -0.632, -1.425, -0.055, +0.098, +0.454, -0.054, -0.258, -0.054]
Computer 2: [+0.402, -0.092, -0.257, +0.315, -1.064, +0.651, +0.856, -0.517, -0.989, +0.522, +0.096, -0.561, +1.031, -1.053, +0.109, +0.911, -0.026, -0.508, -0.368, +0.215, -0.153, +1.231, -0.653, -1.425, +0.035, -0.147, +0.339, -0.054, -0.331, -0.054]

Computer 1: [+0.305, -0.092, -0.308, +0.315, -1.064, +0.651, +0.823, -0.731, -0.964, +0.522, +0.197, -0.342, +1.255, -1.053, +0.109, +0.983, -0.026, -0.353, -0.368, +0.215, -0.283, +1.231, -0.632, -1.556, -0.055, +0.098, +0.454, -0.054, -0.258, -0.054]
Computer 2: [+0.402, -0.092, -0.257, +0.315, -1.064, +0.651, +0.856, -0.517, -0.989, +0.522, +0.096, -0.561, +1.031, -1.053, +0.109, +0.911, -0.026, -0.508, -0.368, +0.215, -0.153, +1.231, -0.653, -1.425, +0.035, -0.147, +0.339, -0.054, -0.331, -0.054]

Computer 1: [+0.402, -0.092, -0.257, +0.315, -1.064, +0.651, +0.856, -0.517, -0.989, +0.522, +0.096, -0.561, +1.031, -1.053, +0.109, +0.911, -0.026, -0.508, -0.368, +0.215, -0.153, +1.231, -0.653, -1.425, +0.035, -0.147, +0.339, -0.054, -0.331, -0.054]
Computer 2: [+0.402, -0.115, -0.443, +0.315, -1.064, +0.651, +0.856, -0.517, -0.989, +0.522, +0.096, -0.561, +1.031, -1.053, +0.109, +0.929, -0.026, -0.508, -0.368, +0.215, -0.153, +1.231, -0.423, -1.425, +0.045, -0.147, +0.339, -0.054, -0.288, +0.128]

Computer 1: [+0.302, -0.170, -0.175, +0.315, -1.057, +0.651, +0.856, -0.517, -0.989, +0.714, +0.096, -0.561, +1.031, -1.053, +0.270, +0.911, -0.026, -0.508, -0.368, +0.215, -0.395, +1.231, -0.626, -1.425, +0.035, -0.117, +0.339, -0.054, -0.331, -0.054]
Computer 2: [+0.463, +0.071, -0.257, +0.315, -1.064, +0.722, +0.856, -0.517, -0.989, +0.522, -0.022, -0.561, +1.031, -0.851, +0.109, +0.911, +0.125, -0.574, -0.368, +0.215, -0.153, +1.231, -0.891, -1.425, +0.035, -0.147, +0.339, -0.054, -0.331, -0.054]

Computer 1: [+0.463, -0.062, -0.257, +0.493, -1.064, +0.722, +0.876, -0.517, -1.142, +0.522, -0.022, -0.561, +1.031, -0.851, +0.109, +1.089, +0.125, -0.574, -0.478, +0.215, -0.153, +1.129, -0.891, -1.425, +0.035, -0.233, +0.176, +0.051, -0.331, -0.054]
Computer 2: [+0.302, -0.200, -0.269, +0.107, -1.051, +0.651, +0.856, -0.517, -0.989, +0.714, +0.096, -0.561, +1.031, -1.053, +0.321, +1.035, -0.026, -0.508, -0.423, +0.215, -0.395, +1.231, -0.626, -1.425, +0.035, -0.117, +0.339, +0.004, -0.577, -0.250]

Computer 1: [+0.368, -0.200, -0.269, +0.107, -1.051, +0.684, +0.856, -0.517, -0.827, +0.714, +0.096, -0.561, +1.031, -1.053, +0.321, +1.035, -0.026, -0.350, -0.423, +0.215, -0.395, +1.231, -0.626, -1.425, -0.119, -0.117, +0.456, +0.004, -0.577, -0.394]
Computer 2: [+0.463, +0.103, -0.257, +0.493, -0.923, +0.722, +0.876, -0.517, -1.142, +0.522, -0.022, -0.313, +1.031, -0.818, +0.109, +1.270, -0.086, -0.695, -0.478, +0.215, -0.269, +1.129, -0.891, -1.425, -0.145, -0.233, +0.176, +0.051, -0.331, -0.054]

Computer 1: [+0.331, -0.200, -0.108, +0.107, -0.880, +0.759, +0.856, -0.517, -0.639, +0.891, +0.096, -0.561, +1.031, -1.053, +0.321, +1.035, -0.026, -0.350, -0.423, +0.215, -0.395, +1.231, -0.690, -1.395, -0.219, -0.117, +0.456, +0.004, -0.577, -0.394]
Computer 2: [+0.463, +0.103, -0.257, +0.493, -0.923, +0.722, +0.876, -0.517, -1.142, +0.522, -0.022, -0.313, +1.031, -0.818, +0.109, +1.270, -0.086, -0.695, -0.478, +0.215, -0.269, +1.129, -0.891, -1.425, -0.145, -0.233, +0.176, +0.051, -0.331, -0.054]

Computer 1: [+0.463, +0.103, -0.257, +0.493, -0.923, +0.722, +0.876, -0.517, -1.142, +0.522, -0.022, -0.313, +1.031, -0.818, +0.109, +1.270, -0.086, -0.695, -0.478, +0.215, -0.269, +1.129, -0.891, -1.425, -0.145, -0.233, +0.176, +0.051, -0.331, -0.054]
Computer 2: [+0.131, -0.170, -0.108, +0.233, -0.880, +0.759, +0.856, -0.517, -0.639, +0.891, +0.096, -0.561, +0.790, -1.053, +0.088, +1.035, -0.026, -0.350, -0.645, +0.215, -0.395, +1.231, -0.690, -1.395, -0.219, -0.117, +0.456, +0.185, -0.577, -0.201]

Computer 1: [+0.463, +0.103, -0.257, +0.493, -0.923, +0.722, +0.876, -0.517, -1.142, +0.522, -0.022, -0.313, +1.031, -0.643, +0.109, +1.270, -0.218, -0.695, -0.478, +0.215, -0.269, +1.129, -0.715, -1.425, -0.145, -0.233, +0.176, +0.051, -0.331, -0.054]
Computer 2: [+0.021, -0.170, -0.108, +0.233, -0.632, +0.975, +0.856, -0.456, -0.494, +0.891, +0.096, -0.799, +0.549, -1.053, -0.134, +1.035, -0.026, -0.350, -0.795, +0.215, -0.395, +1.231, -0.690, -1.421, -0.219, -0.117, +0.545, +0.185, -0.577, -0.201]

Computer 1: [+0.463, +0.138, -0.257, +0.530, -0.923, +0.722, +0.876, -0.517, -1.164, +0.522, -0.022, -0.274, +1.031, -0.699, +0.109, +1.381, -0.218, -0.695, -0.478, +0.215, -0.452, +1.129, -0.715, -1.238, +0.049, -0.233, +0.176, -0.157, -0.331, -0.054]
Computer 2: [+0.239, -0.170, -0.108, +0.233, -0.632, +0.975, +0.856, -0.663, -0.494, +0.772, +0.096, -0.799, +0.426, -1.053, -0.134, +1.035, +0.009, -0.583, -0.795, -0.002, -0.395, +1.231, -0.690, -1.421, -0.137, +0.016, +0.545, +0.185, -0.494, -0.201]

Computer 1: [+0.463, +0.138, -0.257, +0.530, -0.923, +0.722, +1.072, -0.517, -1.165, +0.522, -0.022, -0.497, +1.031, -0.699, +0.109, +1.381, -0.218, -0.917, -0.478, +0.215, -0.241, +1.129, -0.715, -1.238, +0.049, -0.454, +0.176, +0.070, -0.489, -0.054]
Computer 2: [+0.239, -0.170, -0.108, +0.233, -0.632, +0.975, +0.856, -0.663, -0.494, +0.772, +0.096, -0.799, +0.426, -1.053, -0.134, +1.035, +0.009, -0.583, -0.795, -0.002, -0.395, +1.231, -0.690, -1.421, -0.137, +0.016, +0.545, +0.185, -0.494, -0.201]

Computer 1: [+0.463, +0.078, -0.046, +0.776, -0.929, +0.722, +1.102, -0.517, -1.165, +0.487, -0.022, -0.497, +0.916, -0.699, +0.109, +1.410, -0.218, -0.917, -0.478, -0.010, -0.251, +1.008, -0.715, -1.238, -0.062, -0.454, +0.077, +0.070, -0.489, -0.054]
Computer 2: [+0.239, -0.170, -0.108, +0.233, -0.632, +0.975, +0.856, -0.663, -0.494, +0.772, +0.096, -0.799, +0.426, -1.053, -0.134, +1.035, +0.009, -0.583, -0.795, -0.002, -0.395, +1.231, -0.690, -1.421, -0.137, +0.016, +0.545, +0.185, -0.494, -0.201]

Computer 1: [+0.463, +0.078, -0.046, +0.776, -0.929, +0.722, +1.102, -0.517, -1.165, +0.487, -0.022, -0.497, +0.916, -0.699, +0.109, +1.410, -0.218, -0.917, -0.478, -0.010, -0.251, +1.008, -0.715, -1.238, -0.062, -0.454, +0.077, +0.070, -0.489, -0.054]
Computer 2: [+0.463, +0.078, -0.046, +0.776, -0.718, +0.722, +1.102, -0.567, -1.169, +0.487, -0.022, -0.497, +0.916, -0.699, +0.109, +1.410, -0.218, -0.917, -0.549, -0.010, -0.251, +0.933, -0.715, -1.425, -0.062, -0.454, +0.077, +0.070, -0.489, -0.054]

Computer 1: [+0.463, +0.078, -0.046, +0.776, -0.718, +0.722, +1.102, -0.567, -1.169, +0.487, -0.022, -0.497, +0.916, -0.699, +0.109, +1.410, -0.218, -0.917, -0.549, -0.010, -0.251, +0.933, -0.715, -1.425, -0.062, -0.454, +0.077, +0.070, -0.489, -0.054]
Computer 2: [+0.463, +0.078, -0.046, +0.776, -0.929, +0.722, +1.102, -0.517, -1.165, +0.487, -0.022, -0.497, +0.916, -0.699, +0.109, +1.410, -0.218, -0.917, -0.478, -0.010, -0.251, +1.008, -0.715, -1.238, -0.062, -0.454, +0.077, +0.070, -0.489, -0.054]

Computer 1: [+0.463, +0.078, -0.046, +0.776, -0.929, +0.722, +1.102, -0.517, -1.165, +0.487, -0.022, -0.497, +0.916, -0.699, +0.109, +1.410, -0.218, -0.917, -0.478, -0.010, -0.251, +1.008, -0.715, -1.238, -0.062, -0.454, +0.077, +0.070, -0.489, -0.054]
Computer 2: [+0.463, +0.078, -0.046, +0.776, -0.718, +0.722, +1.102, -0.567, -1.169, +0.487, -0.022, -0.497, +0.916, -0.699, +0.109, +1.410, -0.218, -0.917, -0.549, -0.010, -0.251, +0.933, -0.715, -1.425, -0.062, -0.454, +0.077, +0.070, -0.489, -0.054]

Computer 1: [+0.463, -0.160, -0.046, +0.776, -0.718, +0.729, +1.102, -0.567, -1.169, +0.487, -0.083, -0.497, +0.916, -0.699, +0.089, +1.410, -0.218, -1.061, -0.549, -0.010, -0.251, +0.933, -0.547, -1.498, -0.062, -0.454, +0.077, +0.070, -0.489, -0.272]
Computer 2: [+0.463, +0.078, -0.046, +0.932, -0.929, +0.722, +1.102, -0.517, -1.165, +0.487, -0.022, -0.497, +0.916, -0.699, +0.109, +1.580, -0.397, -0.917, -0.269, +0.015, -0.251, +1.008, -0.715, -1.238, -0.062, -0.586, +0.077, +0.070, -0.733, -0.054]

Computer 1: [+0.463, +0.008, -0.181, +0.776, -0.718, +0.729, +1.102, -0.377, -1.224, +0.512, -0.083, -0.497, +0.916, -0.699, +0.089, +1.410, -0.218, -1.061, -0.549, +0.107, -0.034, +0.933, -0.547, -1.498, -0.062, -0.255, +0.077, +0.070, -0.687, -0.272]
Computer 2: [+0.463, -0.160, -0.046, +0.776, -0.718, +0.729, +1.102, -0.567, -1.169, +0.382, -0.083, -0.543, +0.916, -0.699, +0.089, +1.410, -0.218, -1.061, -0.549, -0.010, -0.251, +0.933, -0.547, -1.498, -0.093, -0.454, +0.077, +0.070, -0.489, -0.367]

Computer 1: [+0.286, +0.008, -0.181, +0.776, -0.718, +0.729, +1.102, -0.377, -1.321, +0.716, -0.083, -0.497, +0.718, -0.780, +0.089, +1.410, -0.218, -1.061, -0.549, +0.107, -0.034, +0.996, -0.547, -1.510, -0.062, -0.122, +0.077, +0.070, -0.687, -0.272]
Computer 2: [+0.463, -0.160, +0.069, +1.003, -0.718, +0.729, +1.102, -0.567, -1.276, +0.382, -0.083, -0.543, +0.916, -0.699, +0.089, +1.410, -0.218, -1.061, -0.549, -0.010, -0.251, +1.078, -0.547, -1.498, -0.093, -0.454, +0.077, +0.070, -0.489, -0.415]

Computer 1: [+0.463, -0.160, +0.069, +1.003, -0.718, +0.729, +1.102, -0.567, -1.332, +0.382, -0.083, -0.669, +0.916, -0.834, +0.129, +1.564, -0.218, -1.061, -0.549, -0.010, -0.251, +1.078, -0.547, -1.498, -0.093, -0.561, +0.077, +0.070, -0.489, -0.415]
Computer 2: [+0.286, +0.008, -0.181, +0.776, -0.718, +0.521, +1.102, -0.377, -1.490, +0.716, -0.083, -0.343, +0.718, -0.780, +0.089, +1.393, -0.218, -1.061, -0.549, +0.107, +0.140, +0.996, -0.547, -1.510, -0.062, -0.122, +0.077, +0.070, -0.687, -0.272]

Computer 1: [+0.286, +0.008, -0.181, +0.776, -0.718, +0.521, +1.102, -0.377, -1.490, +0.716, -0.083, -0.343, +0.718, -0.780, +0.089, +1.393, -0.218, -1.061, -0.549, +0.107, +0.140, +0.996, -0.547, -1.510, -0.062, -0.122, +0.077, +0.070, -0.687, -0.272]
Computer 2: [+0.463, -0.146, +0.069, +1.003, -0.718, +0.827, +0.891, -0.567, -1.332, +0.382, -0.083, -0.428, +0.916, -0.834, +0.129, +1.564, -0.218, -1.061, -0.549, +0.026, -0.251, +1.078, -0.547, -1.498, -0.093, -0.561, +0.077, -0.047, -0.489, -0.389]

Computer 1: [+0.463, -0.146, +0.069, +1.003, -0.718, +0.827, +0.891, -0.567, -1.332, +0.382, -0.083, -0.428, +0.916, -0.834, +0.129, +1.564, -0.218, -1.061, -0.549, +0.026, -0.251, +1.078, -0.547, -1.498, -0.093, -0.561, +0.077, -0.047, -0.489, -0.389]
Computer 2: [+0.463, -0.146, -0.123, +1.003, -0.718, +0.827, +0.891, -0.567, -1.332, +0.382, -0.096, -0.593, +0.916, -0.834, +0.129, +1.564, -0.116, -1.116, -0.549, +0.026, -0.112, +1.205, -0.547, -1.498, -0.093, -0.561, +0.077, -0.047, -0.489, -0.608]

Computer 1: [+0.463, -0.146, -0.123, +1.003, -0.718, +0.827, +0.891, -0.567, -1.332, +0.382, -0.096, -0.593, +0.916, -0.834, +0.129, +1.564, -0.116, -1.116, -0.549, +0.026, -0.112, +1.205, -0.547, -1.498, -0.093, -0.561, +0.077, -0.047, -0.489, -0.608]
Computer 2: [+0.463, -0.146, +0.108, +1.003, -0.718, +0.827, +0.891, -0.482, -1.332, +0.612, -0.083, -0.428, +0.916, -0.834, +0.129, +1.564, -0.218, -0.926, -0.549, +0.026, -0.251, +1.078, -0.547, -1.498, -0.093, -0.561, +0.077, -0.220, -0.489, -0.389]

Computer 1: [+0.463, -0.146, +0.108, +1.003, -0.718, +0.827, +0.891, -0.482, -1.332, +0.612, -0.083, -0.428, +0.996, -0.834, +0.129, +1.564, -0.218, -0.926, -0.797, +0.026, -0.251, +1.078, -0.547, -1.442, -0.093, -0.561, +0.077, -0.220, -0.489, -0.389]
Computer 2: [+0.463, -0.146, -0.123, +1.003, -0.718, +0.829, +0.891, -0.567, -1.332, +0.144, -0.096, -0.593, +1.015, -0.834, +0.288, +1.564, -0.116, -1.116, -0.675, +0.026, -0.112, +1.205, -0.633, -1.498, -0.064, -0.561, +0.077, -0.047, -0.489, -0.774]

Computer 1: [+0.463, -0.146, +0.108, +1.003, -0.718, +0.827, +0.891, -0.482, -1.332, +0.612, -0.083, -0.428, +0.996, -0.655, +0.129, +1.704, -0.218, -0.926, -0.797, +0.026, -0.251, +1.078, -0.547, -1.442, -0.093, -0.561, +0.077, -0.220, -0.489, -0.389]
Computer 2: [+0.463, -0.146, -0.123, +1.003, -0.718, +0.829, +0.891, -0.567, -1.332, +0.144, -0.096, -0.593, +1.015, -0.834, +0.288, +1.564, -0.116, -1.116, -0.675, +0.026, -0.112, +1.205, -0.633, -1.498, -0.064, -0.561, +0.077, -0.047, -0.489, -0.774]

Computer 1: [+0.463, -0.230, +0.108, +0.814, -0.935, +0.994, +0.891, -0.482, -1.332, +0.612, -0.292, -0.428, +0.996, -0.655, +0.129, +1.704, -0.218, -0.926, -0.797, +0.026, -0.251, +1.078, -0.465, -1.442, -0.093, -0.653, +0.077, -0.220, -0.489, -0.389]
Computer 2: [+0.463, -0.146, -0.123, +1.135, -0.718, +0.829, +0.828, -0.567, -1.082, -0.013, -0.096, -0.593, +1.015, -0.834, +0.288, +1.713, -0.116, -1.204, -0.675, +0.026, -0.112, +1.205, -0.633, -1.498, -0.064, -0.561, +0.077, -0.047, -0.489, -0.563]

Computer 1: [+0.463, -0.230, +0.108, +0.814, -0.935, +0.994, +0.891, -0.482, -1.332, +0.612, -0.090, -0.428, +0.996, -0.818, +0.129, +1.704, -0.218, -0.926, -0.797, +0.026, -0.111, +1.078, -0.465, -1.442, -0.093, -0.653, +0.077, -0.220, -0.489, -0.216]
Computer 2: [+0.463, -0.230, +0.108, +0.814, -0.935, +0.994, +0.891, -0.482, -1.332, +0.612, -0.292, -0.428, +0.996, -0.655, +0.129, +1.704, -0.218, -0.926, -0.797, +0.026, -0.251, +1.078, -0.465, -1.442, -0.093, -0.653, +0.077, -0.220, -0.489, -0.389]

Computer 1: [+0.463, -0.230, +0.108, +0.814, -0.935, +0.994, +0.745, -0.454, -1.332, +0.612, -0.090, -0.428, +0.996, -0.818, +0.068, +1.704, -0.102, -1.106, -0.797, +0.026, -0.111, +1.078, -0.256, -1.442, -0.093, -0.653, +0.077, -0.220, -0.489, -0.216]
Computer 2: [+0.463, -0.230, +0.108, +0.814, -0.935, +0.917, +0.891, -0.482, -1.332, +0.612, -0.090, -0.428, +0.996, -0.686, +0.129, +1.704, -0.218, -0.810, -0.797, +0.026, -0.020, +1.078, -0.429, -1.442, -0.093, -0.653, +0.077, -0.220, -0.489, -0.289]

Computer 1: [+0.463, -0.230, +0.108, +0.814, -0.935, +0.917, +0.891, -0.482, -1.332, +0.784, -0.090, -0.428, +0.996, -0.686, +0.129, +1.704, +0.016, -0.693, -0.797, -0.101, -0.207, +1.078, -0.357, -1.440, -0.049, -0.619, +0.077, -0.220, -0.489, -0.229]
Computer 2: [+0.463, -0.230, +0.108, +0.814, -0.935, +0.994, +0.745, -0.454, -1.332, +0.612, -0.090, -0.428, +0.996, -0.818, +0.068, +1.704, -0.102, -1.106, -0.797, +0.026, -0.111, +1.078, -0.256, -1.442, -0.093, -0.653, +0.077, -0.220, -0.489, -0.216]

Computer 1: [+0.463, -0.230, +0.108, +0.814, -0.935, +0.917, +0.891, -0.482, -1.403, +0.784, -0.148, -0.428, +0.996, -0.686, +0.129, +1.474, +0.016, -0.693, -0.797, -0.249, -0.207, +1.078, -0.143, -1.440, -0.255, -0.619, +0.077, -0.220, -0.489, -0.066]
Computer 2: [+0.463, -0.230, +0.108, +0.814, -0.935, +0.994, +0.745, -0.454, -1.332, +0.612, -0.090, -0.428, +0.996, -0.818, +0.103, +1.704, -0.307, -1.106, -0.861, +0.026, -0.111, +1.302, -0.421, -1.442, -0.093, -0.653, +0.077, -0.220, -0.489, -0.216]

Computer 1: [+0.463, -0.376, +0.108, +0.814, -0.935, +0.994, +0.745, -0.454, -1.335, +0.612, -0.090, -0.299, +0.996, -0.969, +0.103, +1.704, -0.307, -1.106, -1.021, +0.204, -0.111, +1.302, -0.421, -1.442, -0.093, -0.653, +0.077, -0.220, -0.489, -0.216]
Computer 2: [-0.221, -0.707, -0.321, +0.741, +0.098, -0.464, +0.179, -0.109, +0.894, -0.861, -0.019, -0.947, +0.545, -0.133, -0.540, +0.665, +0.313, +0.324, -0.115, -0.921, +0.389, +0.054, +0.958, -0.048, +0.422, -0.896, -0.567, +0.007, +0.902, -0.470]

Computer 1: [+0.463, -0.376, +0.108, +0.814, -0.935, +0.994, +0.745, -0.454, -1.335, +0.612, -0.090, -0.299, +0.996, -0.969, +0.103, +1.704, -0.307, -1.106, -1.021, +0.204, -0.111, +1.302, -0.421, -1.442, -0.093, -0.653, +0.077, -0.220, -0.489, -0.216]
Computer 2: [-0.221, -0.707, -0.321, +0.741, +0.098, -0.515, +0.179, -0.109, +0.894, -0.861, -0.019, -0.947, +0.545, -0.133, -0.540, +0.631, +0.313, +0.324, -0.115, -0.921, +0.587, +0.054, +0.958, -0.048, +0.422, -0.736, -0.450, +0.007, +0.902, -0.470]

Computer 1: [-0.221, -0.707, -0.104, +0.741, +0.098, -0.515, +0.179, -0.109, +0.894, -0.946, -0.019, -0.944, +0.545, -0.133, -0.451, +0.631, +0.313, +0.324, -0.115, -0.921, +0.587, -0.118, +0.958, -0.048, +0.418, -0.770, -0.450, +0.007, +1.035, -0.470]
Computer 2: [+0.463, -0.376, -0.038, +0.735, -0.935, +0.994, +0.745, -0.607, -1.335, +0.646, -0.090, -0.163, +0.996, -0.969, +0.103, +1.934, -0.307, -1.215, -1.183, +0.204, -0.111, +1.302, -0.421, -1.442, -0.093, -0.653, +0.170, -0.220, -0.489, -0.216]

Computer 1: [+0.463, -0.376, -0.038, +0.735, -0.935, +0.994, +0.684, -0.607, -1.335, +0.646, -0.090, -0.206, +0.996, -0.969, +0.103, +1.865, -0.198, -1.215, -1.183, -0.006, -0.111, +1.302, -0.421, -1.442, -0.093, -0.653, +0.170, -0.220, -0.457, -0.216]
Computer 2: [+0.463, -0.376, -0.038, +0.735, -0.935, +0.994, +0.745, -0.607, -1.335, +0.646, -0.090, -0.163, +0.996, -0.969, +0.103, +1.934, -0.307, -1.215, -1.183, +0.204, -0.111, +1.302, -0.421, -1.442, -0.093, -0.653, +0.170, -0.220, -0.489, -0.216]

Computer 1: [+0.463, -0.376, -0.038, +0.612, -0.935, +0.994, +0.684, -0.518, -1.248, +0.646, -0.090, -0.206, +0.996, -1.164, -0.091, +1.865, -0.198, -1.215, -1.035, -0.006, -0.111, +1.302, -0.421, -1.442, -0.093, -0.653, +0.170, -0.220, -0.432, -0.216]
Computer 2: [+0.463, -0.376, +0.128, +0.735, -0.935, +0.994, +0.684, -0.607, -1.335, +0.646, -0.090, -0.011, +0.996, -0.969, +0.214, +1.865, -0.333, -1.215, -1.183, -0.006, -0.111, +1.302, -0.421, -1.279, -0.206, -0.653, +0.223, -0.220, -0.569, -0.216]

Computer 1: [+0.463, -0.376, +0.128, +0.735, -0.861, +1.236, +0.684, -0.607, -1.335, +0.646, -0.090, -0.011, +0.996, -0.969, +0.214, +1.865, -0.333, -1.215, -1.284, -0.006, -0.111, +1.302, -0.268, -1.279, -0.206, -0.653, +0.223, -0.427, -0.569, -0.003]
Computer 2: [+0.463, -0.376, -0.038, +0.612, -0.935, +0.914, +0.684, -0.518, -1.248, +0.646, -0.090, -0.206, +0.996, -1.164, -0.091, +1.669, -0.198, -1.079, -1.035, -0.006, -0.111, +1.302, -0.421, -1.442, +0.024, -0.653, -0.007, -0.220, -0.367, -0.216]

Computer 1: [+0.463, -0.151, +0.128, +0.593, -0.861, +1.236, +0.684, -0.607, -1.335, +0.646, -0.090, -0.011, +0.996, -0.969, +0.214, +1.865, -0.333, -1.215, -1.284, -0.006, -0.111, +1.302, -0.268, -1.279, -0.378, -0.653, +0.461, -0.427, -0.569, -0.216]
Computer 2: [+0.463, -0.376, -0.038, +0.612, -0.893, +0.914, +0.538, -0.351, -1.248, +0.646, -0.090, -0.206, +0.996, -1.266, -0.091, +1.669, -0.198, -0.993, -0.975, -0.006, -0.275, +1.302, -0.421, -1.442, +0.024, -0.653, -0.007, -0.220, -0.367, -0.050]

Computer 1: [+0.463, -0.151, +0.128, +0.593, -0.861, +1.236, +0.684, -0.607, -1.481, +0.646, -0.090, -0.011, +0.996, -0.969, +0.214, +1.865, -0.333, -1.215, -1.284, +0.243, -0.111, +1.302, -0.268, -1.279, -0.286, -0.653, +0.461, -0.611, -0.569, -0.216]
Computer 2: [+0.266, -0.121, +0.232, +0.593, -0.861, +1.236, +0.853, -0.607, -1.335, +0.646, -0.090, -0.011, +0.996, -0.969, +0.214, +1.865, -0.241, -1.460, -1.284, -0.006, -0.111, +1.302, -0.268, -1.279, -0.378, -0.653, +0.578, -0.427, -0.569, -0.216]

Computer 1: [+0.532, -0.151, +0.128, +0.507, -0.861, +1.236, +0.684, -0.607, -1.481, +0.646, -0.090, -0.224, +0.794, -1.086, +0.214, +1.697, -0.333, -1.215, -1.284, +0.243, -0.111, +1.302, -0.268, -1.279, -0.092, -0.653, +0.461, -0.611, -0.569, -0.303]
Computer 2: [+0.463, +0.030, +0.000, +0.593, -0.861, +1.236, +0.670, -0.607, -1.611, +0.646, -0.090, -0.011, +0.996, -0.969, +0.087, +1.865, -0.333, -1.215, -1.060, +0.243, -0.111, +1.302, -0.268, -1.279, -0.286, -0.653, +0.690, -0.649, -0.392, -0.224]

Computer 1: [+0.532, -0.151, +0.128, +0.507, -0.861, +1.236, +0.684, -0.607, -1.481, +0.646, -0.090, -0.224, +0.794, -1.086, +0.214, +1.697, -0.333, -1.215, -1.284, +0.243, -0.111, +1.302, -0.268, -1.279, -0.092, -0.653, +0.461, -0.611, -0.569, -0.303]
Computer 2: [+0.532, -0.060, +0.128, +0.507, -0.861, +1.236, +0.684, -0.751, -1.481, +0.806, -0.090, -0.224, +0.794, -1.086, +0.214, +1.697, -0.333, -1.215, -1.284, +0.243, +0.069, +1.302, -0.268, -1.279, -0.092, -0.653, +0.622, -0.611, -0.569, -0.303]

Computer 1: [+0.532, -0.060, -0.064, +0.507, -0.861, +1.236, +0.684, -0.751, -1.481, +0.806, -0.229, -0.224, +0.794, -1.086, +0.214, +1.697, -0.333, -1.215, -1.284, +0.243, +0.065, +1.534, -0.268, -1.279, -0.092, -0.849, +0.816, -0.611, -0.321, -0.303]
Computer 2: [+0.532, -0.151, +0.128, +0.507, -0.861, +1.236, +0.684, -0.607, -1.273, +0.646, -0.090, -0.332, +0.794, -0.989, +0.214, +1.697, -0.333, -1.215, -1.284, +0.194, -0.111, +1.302, -0.268, -1.279, -0.092, -0.653, +0.461, -0.503, -0.569, -0.303]

Computer 1: [+0.532, -0.151, +0.128, +0.521, -0.861, +1.236, +0.684, -0.607, -1.273, +0.646, -0.090, -0.332, +0.962, -0.989, +0.214, +1.697, -0.333, -1.214, -1.284, +0.194, -0.111, +1.302, -0.268, -1.279, -0.332, -0.653, +0.438, -0.624, -0.382, -0.227]
Computer 2: [+0.411, -0.042, -0.053, +0.507, -0.861, +1.112, +0.684, -0.751, -1.271, +0.806, -0.229, -0.224, +0.658, -1.086, +0.002, +1.697, -0.333, -1.257, -1.526, +0.154, -0.044, +1.534, -0.268, -1.279, -0.253, -0.849, +0.816, -0.611, -0.321, -0.303]

Computer 1: [+0.742, -0.151, +0.128, +0.521, -0.861, +1.173, +0.684, -0.427, -1.273, +0.646, -0.090, -0.332, +0.726, -1.028, +0.214, +1.697, -0.333, -1.214, -1.284, +0.235, -0.111, +1.302, -0.268, -1.279, -0.332, -0.653, +0.438, -0.624, -0.382, -0.453]
Computer 2: [+0.440, -0.042, -0.111, +0.507, -0.786, +1.112, +0.695, -0.751, -1.271, +1.052, -0.229, -0.023, +0.658, -1.114, +0.002, +1.697, -0.333, -1.257, -1.526, +0.154, -0.044, +1.366, -0.387, -1.279, -0.253, -0.739, +0.816, -0.611, -0.349, -0.169]

Computer 1: [+0.742, -0.151, +0.128, +0.521, -0.820, +1.198, +0.684, -0.427, -1.340, +0.646, -0.090, -0.332, +0.692, -1.028, +0.214, +1.697, -0.333, -1.179, -1.284, +0.168, -0.111, +1.302, -0.268, -1.279, -0.332, -0.653, +0.438, -0.624, -0.382, -0.496]
Computer 2: [+0.742, -0.151, +0.128, +0.521, -0.861, +1.173, +0.684, -0.427, -1.273, +0.646, -0.090, -0.332, +0.726, -1.028, +0.214, +1.697, -0.333, -1.214, -1.284, +0.235, -0.111, +1.302, -0.268, -1.279, -0.332, -0.653, +0.438, -0.624, -0.382, -0.453]

Computer 1: [+0.742, -0.151, +0.128, +0.521, -0.861, +1.173, +0.684, -0.427, -1.273, +0.646, -0.090, -0.332, +0.726, -1.028, +0.214, +1.697, -0.333, -1.214, -1.284, +0.235, -0.111, +1.302, -0.268, -1.279, -0.332, -0.653, +0.438, -0.624, -0.382, -0.453]
Computer 2: [+0.742, -0.151, +0.128, +0.521, -0.861, +1.094, +0.684, -0.334, -1.273, +0.646, +0.015, -0.332, +0.726, -1.028, +0.267, +1.697, -0.352, -1.214, -1.284, +0.235, -0.111, +1.302, -0.400, -1.279, -0.332, -0.653, +0.438, -0.624, -0.382, -0.453]

Computer 1: [+0.874, -0.151, +0.054, +0.521, -0.861, +1.361, +0.673, -0.427, -1.273, +0.646, -0.090, -0.303, +0.726, -1.028, +0.413, +1.697, -0.333, -1.214, -1.284, +0.235, -0.111, +1.302, -0.268, -1.279, -0.332, -0.653, +0.438, -0.624, -0.382, -0.274]
Computer 2: [+0.742, -0.151, +0.128, +0.521, -0.861, +1.173, +0.684, -0.427, -1.273, +0.646, -0.090, -0.332, +0.726, -1.028, +0.214, +1.697, -0.333, -1.214, -1.284, +0.235, -0.111, +1.302, -0.268, -1.279, -0.332, -0.653, +0.438, -0.624, -0.382, -0.453]

Computer 1: [+0.874, -0.151, +0.054, +0.521, -0.861, +1.361, +0.673, -0.427, -1.273, +0.646, -0.090, -0.303, +0.726, -1.028, +0.413, +1.697, -0.333, -1.214, -1.284, +0.235, -0.111, +1.302, -0.268, -1.279, -0.332, -0.653, +0.438, -0.624, -0.382, -0.274]
Computer 2: [+0.742, +0.024, +0.128, +0.521, -0.861, +1.173, +0.684, -0.427, -1.273, +0.581, -0.338, -0.409, +0.726, -1.028, +0.067, +1.744, -0.333, -1.214, -1.284, +0.235, -0.174, +1.302, -0.268, -1.279, -0.332, -0.653, +0.438, -0.624, -0.382, -0.453]

Computer 1: [+0.874, -0.151, +0.054, +0.521, -0.861, +1.361, +0.673, -0.427, -1.273, +0.646, -0.090, -0.303, +0.726, -1.028, +0.413, +1.697, -0.333, -1.214, -1.284, +0.235, -0.111, +1.302, -0.268, -1.279, -0.332, -0.653, +0.438, -0.624, -0.382, -0.274]
Computer 2: [+0.874, -0.151, +0.054, +0.543, -0.861, +1.361, +0.673, -0.427, -1.273, +0.646, -0.191, -0.303, +0.726, -0.843, +0.413, +1.832, -0.233, -1.214, -1.278, +0.235, +0.004, +1.339, -0.268, -1.279, -0.332, -0.653, +0.438, -0.624, -0.382, -0.274]

Computer 1: [+0.874, +0.075, +0.054, +0.543, -0.861, +1.284, +0.521, -0.427, -1.273, +0.646, -0.191, -0.222, +0.726, -0.843, +0.413, +1.963, -0.233, -1.018, -1.058, +0.235, +0.004, +1.339, -0.268, -1.279, -0.332, -0.653, +0.438, -0.629, -0.494, -0.274]
Computer 2: [+0.874, -0.151, +0.054, +0.521, -0.861, +1.361, +0.673, -0.427, -1.273, +0.646, -0.090, -0.303, +0.726, -1.028, +0.413, +1.697, -0.333, -1.214, -1.284, +0.235, -0.111, +1.302, -0.268, -1.279, -0.332, -0.653, +0.438, -0.624, -0.382, -0.274]

Computer 1: [+0.874, -0.151, -0.116, +0.521, -0.861, +1.361, +0.673, -0.180, -1.273, +0.784, -0.031, -0.303, +0.486, -1.204, +0.413, +1.697, -0.333, -1.214, -1.284, +0.235, -0.111, +1.302, -0.268, -1.279, -0.371, -0.659, +0.438, -0.624, -0.611, -0.455]
Computer 2: [+0.874, -0.151, +0.054, +0.745, -1.091, +1.361, +0.673, -0.544, -1.273, +0.646, -0.090, -0.303, +0.726, -1.028, +0.413, +1.697, -0.333, -1.214, -1.284, +0.481, -0.108, +1.302, -0.268, -1.279, -0.332, -0.653, +0.615, -0.624, -0.382, -0.355]

Computer 1: [+0.874, -0.151, -0.116, +0.521, -0.861, +1.361, +0.673, -0.180, -1.273, +0.784, -0.031, -0.303, +0.486, -1.204, +0.413, +1.697, -0.333, -1.214, -1.284, +0.235, -0.111, +1.302, -0.268, -1.279, -0.371, -0.659, +0.438, -0.624, -0.611, -0.455]
Computer 2: [+0.874, -0.151, -0.080, +0.521, -0.861, +1.361, +0.673, -0.180, -1.273, +0.538, -0.150, -0.303, +0.486, -1.204, +0.541, +1.697, -0.333, -1.214, -1.042, +0.235, -0.111, +1.302, -0.268, -1.052, -0.371, -0.659, +0.438, -0.624, -0.611, -0.391]

Computer 1: [+0.859, -0.126, -0.131, +0.521, -0.861, +1.302, +0.673, -0.180, -1.273, +0.659, -0.156, -0.251, +0.486, -1.204, +0.353, +1.697, -0.333, -1.116, -1.012, +0.235, -0.111, +1.430, -0.268, -1.080, -0.170, -0.659, +0.438, -0.766, -0.611, -0.391]
Computer 2: [+0.858, -0.151, +0.021, +0.769, -0.735, +1.361, +0.673, -0.180, -1.273, +0.538, -0.150, -0.191, +0.486, -1.204, +0.541, +1.697, -0.333, -1.214, -1.042, +0.193, -0.024, +1.548, -0.268, -1.052, -0.371, -0.659, +0.318, -0.624, -0.611, -0.546]
