
Best computer: [0.958, -0.379, -0.026, 0.405, -0.459, -0.811, -0.023, -0.607, 0.836, -0.044, -0.867, -0.401, -0.749, -0.234, -0.945, 0.122, -0.477, 0.579, -0.119, -0.867, 0.461, 0.603, 0.252, -0.703, 0.891, 0.418, -0.497, -0.572, 0.513, -0.191]
Second best computer: [0.790, -0.913, 0.758, 0.396, -0.557, -0.246, 0.557, 0.503, 0.854, 0.939, 0.477, -0.908, -0.085, 0.893, -0.762, -0.329, 0.032, -0.546, -0.175, 0.938, -0.245, -0.344, 0.037, -0.514, 0.204, 0.752, -0.740, -0.066, -0.676, 0.241]

Best computer: [0.790, -0.913, 0.758, 0.396, -0.513, -0.246, 0.712, 0.503, 0.854, 0.939, 0.477, -0.908, -0.135, 0.772, -0.762, -0.102, 0.032, -0.546, -0.175, 0.938, -0.330, -0.344, 0.037, -0.514, 0.315, 0.752, -0.740, -0.066, -0.676, 0.241]
Second best computer: [0.958, -0.379, -0.026, 0.405, -0.459, -0.811, -0.023, -0.607, 0.836, -0.191, -0.952, -0.482, -0.749, -0.234, -0.945, 0.122, -0.477, 0.579, 0.105, -0.867, 0.461, 0.603, 0.252, -0.703, 0.693, 0.578, -0.497, -0.572, 0.513, -0.149]

Best computer: [0.790, -0.913, 0.758, 0.396, -0.634, -0.246, 0.712, 0.503, 0.854, 0.945, 0.477, -0.908, -0.135, 0.772, -0.762, -0.102, 0.116, -0.303, -0.175, 0.938, -0.330, -0.344, 0.037, -0.514, 0.315, 0.752, -0.740, -0.066, -0.650, 0.241]
Second best computer: [0.958, -0.379, -0.026, 0.405, -0.459, -0.811, 0.109, -0.701, 0.836, -0.191, -1.161, -0.293, -0.749, -0.330, -0.945, 0.122, -0.477, 0.436, 0.105, -0.969, 0.461, 0.603, 0.252, -0.703, 0.693, 0.578, -0.452, -0.572, 0.513, -0.149]

Best computer: [0.790, -0.911, 0.729, 0.396, -0.634, -0.246, 0.610, 0.503, 0.854, 0.893, 0.477, -0.908, -0.135, 0.772, -0.762, -0.102, 0.116, -0.440, -0.175, 0.938, -0.330, -0.344, 0.037, -0.514, 0.315, 0.752, -0.757, -0.177, -0.878, 0.241]
Second best computer: [0.790, -0.913, 0.758, 0.396, -0.634, -0.246, 0.712, 0.503, 0.854, 0.945, 0.477, -0.908, -0.135, 0.772, -0.762, -0.102, 0.116, -0.303, -0.175, 0.938, -0.330, -0.344, 0.037, -0.514, 0.315, 0.752, -0.740, -0.066, -0.650, 0.241]

Best computer: [0.790, -0.911, 0.802, 0.429, -0.634, -0.246, 0.610, 0.370, 0.854, 0.893, 0.278, -0.803, -0.135, 0.772, -0.762, -0.102, 0.134, -0.567, -0.175, 0.853, -0.330, -0.344, 0.037, -0.514, 0.315, 0.752, -0.757, -0.095, -0.842, 0.241]
Second best computer: [0.790, -0.913, 0.758, 0.396, -0.634, -0.246, 0.712, 0.503, 0.854, 0.945, 0.477, -0.908, -0.226, 0.772, -0.762, -0.102, 0.116, -0.303, -0.175, 0.938, -0.330, -0.344, 0.128, -0.337, 0.413, 0.752, -0.740, 0.104, -0.650, 0.099]
