
Computer 1: [+0.088, -0.680, +0.339, +0.135, +0.858, +0.772, +0.442, +0.047, -0.359, +0.533, +0.269, -0.916, -0.747, -0.077, -0.129, -0.201, -0.946, -0.413, -0.273, -0.212, -0.550, +0.915, -0.100, +0.508, -0.051, +0.023, -0.758, +0.250, -0.073, +0.030]
Computer 2: [+0.806, -0.025, +0.525, -0.737, +0.700, +0.194, +0.379, +0.728, +0.064, +0.435, +0.926, +0.530, -0.691, +0.933, -0.377, -0.633, +0.603, +0.353, -0.332, -0.751, +0.621, +0.160, +0.369, +0.021, -0.635, +0.682, +0.125, -0.951, +0.879, +0.962]

Computer 1: [+0.088, -0.680, +0.339, +0.135, +0.858, +0.772, +0.442, +0.047, -0.359, +0.533, +0.269, -0.916, -0.747, -0.077, -0.329, -0.201, -1.077, -0.413, -0.273, -0.148, -0.550, +0.915, -0.100, +0.508, -0.051, +0.023, -0.758, +0.250, -0.073, +0.030]
Computer 2: [+0.184, -0.680, +0.339, -0.081, +0.858, +0.772, +0.442, +0.047, -0.359, +0.551, +0.269, -0.916, -0.747, +0.150, +0.057, -0.201, -0.946, -0.426, -0.273, -0.267, -0.550, +0.915, -0.100, +0.531, -0.051, +0.023, -0.634, +0.250, -0.073, +0.030]

Computer 1: [+0.088, -0.680, +0.339, +0.323, +1.100, +0.772, +0.442, +0.295, -0.232, +0.533, +0.269, -0.916, -0.747, +0.071, -0.329, -0.201, -1.077, -0.413, -0.273, -0.104, -0.550, +0.915, -0.100, +0.508, -0.051, +0.023, -0.758, +0.471, -0.073, +0.030]
Computer 2: [+0.053, -0.778, +0.339, -0.081, +0.858, +0.772, +0.212, +0.047, -0.359, +0.551, +0.269, -0.916, -0.747, +0.062, +0.057, -0.201, -0.946, -0.619, -0.165, -0.267, -0.550, +0.915, -0.100, +0.595, -0.230, -0.152, -0.634, +0.250, -0.073, -0.194]

Computer 1: [+0.053, -0.778, +0.339, -0.084, +0.858, +0.965, +0.212, -0.066, -0.201, +0.309, +0.350, -0.916, -0.747, +0.062, +0.057, -0.201, -0.753, -0.619, -0.165, -0.267, -0.550, +0.721, -0.065, +0.595, -0.230, -0.020, -0.817, +0.108, -0.073, -0.194]
Computer 2: [+0.132, -0.680, +0.339, +0.323, +0.946, +0.772, +0.442, +0.295, -0.367, +0.533, +0.269, -0.916, -0.684, +0.071, -0.329, -0.201, -1.077, -0.413, -0.273, +0.055, -0.550, +0.915, -0.100, +0.508, +0.164, +0.023, -0.758, +0.703, -0.073, +0.030]

Computer 1: [-0.014, -0.680, +0.339, +0.449, +0.946, +0.772, +0.442, +0.295, -0.313, +0.770, +0.269, -0.916, -0.684, +0.071, -0.181, -0.201, -1.113, -0.413, -0.273, +0.055, -0.453, +0.915, -0.100, +0.546, +0.096, +0.023, -0.758, +0.703, -0.236, +0.030]
Computer 2: [+0.132, -0.680, +0.339, +0.323, +0.946, +0.772, +0.442, +0.295, -0.367, +0.533, +0.269, -0.916, -0.684, +0.071, -0.329, -0.201, -1.077, -0.413, -0.273, +0.055, -0.550, +0.915, -0.100, +0.508, +0.164, +0.023, -0.758, +0.703, -0.073, +0.030]
