
Computer 1: [-0.515, +0.428, +0.765, -0.406, +0.317, +0.765, +0.873, +0.214, +0.455, -0.824, +0.321, -0.235, -0.797, -0.052, +0.144, +0.172, -0.720, -0.150, -0.067, +0.965, -0.932, -0.031, -0.599, +0.278, +0.541, +0.440, +0.879, -0.079, +0.451, +0.944]
Computer 2: [-0.445, +0.542, -0.233, -0.671, -0.534, -0.406, -0.116, +0.400, +0.426, -0.727, -0.761, -0.427, -0.883, +0.859, -0.891, +0.856, +0.919, +0.980, +0.755, -0.397, -0.874, +0.990, +0.297, +0.637, +0.761, +0.351, -0.309, -0.656, +0.629, -0.257]

Computer 1: [-0.445, +0.542, -0.233, -0.671, -0.534, -0.406, -0.116, +0.400, +0.571, -0.832, -0.932, -0.667, -0.883, +0.859, -0.891, +0.856, +1.067, +0.980, +0.755, -0.397, -0.874, +0.990, +0.297, +0.637, +0.673, +0.351, -0.309, -0.656, +0.629, -0.257]
Computer 2: [-0.515, +0.428, +0.765, -0.406, +0.317, +0.765, +1.104, +0.390, +0.455, -1.011, +0.321, -0.235, -1.036, -0.052, +0.144, +0.172, -0.720, -0.150, -0.100, +0.965, -0.932, -0.031, -0.599, +0.278, +0.469, +0.551, +0.879, -0.079, +0.451, +0.983]

Computer 1: [-0.329, +0.542, -0.035, -0.671, -0.350, -0.201, -0.032, +0.162, +0.571, -0.832, -1.154, -0.667, -0.883, +0.859, -0.891, +0.934, +1.067, +0.980, +0.755, -0.397, -0.874, +0.997, +0.297, +0.637, +0.673, +0.265, -0.309, -0.656, +0.629, -0.326]
Computer 2: [-0.445, +0.542, -0.233, -0.671, -0.534, -0.406, -0.116, +0.400, +0.571, -0.832, -0.932, -0.667, -0.883, +0.859, -0.891, +0.856, +1.067, +0.980, +0.755, -0.397, -0.874, +0.990, +0.297, +0.637, +0.673, +0.351, -0.309, -0.656, +0.629, -0.257]

Computer 1: [-0.329, +0.542, -0.035, -0.671, -0.350, -0.201, -0.032, +0.162, +0.571, -0.832, -1.154, -0.667, -0.883, +0.859, -0.891, +0.934, +1.067, +0.980, +0.755, -0.397, -0.874, +0.997, +0.297, +0.637, +0.673, +0.265, -0.309, -0.656, +0.629, -0.326]
Computer 2: [-0.025, +0.034, -0.487, -0.260, +0.431, -0.157, +0.556, +0.343, -0.210, -0.526, -0.544, -0.219, +0.632, +0.870, +0.405, +0.969, -0.197, -0.511, +0.509, +0.021, +0.674, +0.091, -0.367, -0.978, +0.931, -0.179, +0.786, -0.273, -0.598, -0.615]

Computer 1: [+0.500, -0.299, -0.268, -0.554, -0.951, -0.371, +0.109, -0.172, -0.048, +0.330, -0.966, +0.533, -0.330, -0.807, -0.670, +0.781, -0.683, -0.292, +0.188, -0.786, +0.942, +0.273, +0.064, +0.577, -0.853, -0.935, -0.276, -0.314, -0.778, +0.379]
Computer 2: [+0.025, +0.052, -0.487, -0.363, +0.431, -0.202, +0.556, +0.343, -0.214, -0.526, -0.680, -0.219, +0.632, +0.870, +0.405, +0.969, -0.197, -0.511, +0.509, +0.021, +0.674, +0.091, -0.367, -0.893, +0.931, -0.179, +0.871, -0.273, -0.598, -0.542]

Computer 1: [+0.500, -0.299, -0.268, -0.412, -0.951, -0.371, +0.109, -0.172, -0.048, +0.495, -0.966, +0.533, -0.215, -1.048, -0.670, +0.781, -0.684, -0.482, +0.188, -0.786, +0.942, +0.123, +0.064, +0.418, -1.083, -0.935, -0.276, -0.314, -0.771, +0.379]
Computer 2: [+0.500, -0.299, -0.268, -0.554, -0.951, -0.371, +0.109, -0.172, -0.048, +0.330, -0.966, +0.533, -0.330, -0.807, -0.670, +0.781, -0.683, -0.292, +0.188, -0.786, +0.942, +0.273, +0.064, +0.577, -0.853, -0.935, -0.276, -0.314, -0.778, +0.379]

Computer 1: [+0.500, -0.299, -0.268, -0.233, -0.951, -0.371, +0.098, -0.172, -0.060, +0.495, -0.966, +0.680, -0.215, -1.048, -0.670, +0.815, -0.684, -0.482, +0.188, -0.786, +0.942, +0.123, +0.064, +0.428, -0.904, -0.935, -0.276, -0.146, -0.741, +0.379]
Computer 2: [+0.500, -0.159, -0.268, -0.700, -0.951, -0.371, -0.035, -0.292, -0.048, +0.330, -1.050, +0.533, -0.330, -0.807, -0.670, +0.804, -0.683, -0.326, +0.188, -0.939, +0.942, +0.273, +0.064, +0.577, -0.615, -0.935, -0.458, -0.314, -0.778, +0.379]

Computer 1: [+0.500, -0.296, -0.268, -0.700, -0.824, -0.371, -0.035, -0.292, -0.048, +0.330, -1.050, +0.451, -0.330, -0.807, -0.670, +0.804, -0.683, -0.526, -0.050, -0.722, +0.942, +0.273, +0.064, +0.577, -0.615, -0.935, -0.458, -0.314, -0.781, +0.379]
Computer 2: [+0.500, +0.014, -0.268, -0.592, -1.113, -0.371, +0.101, -0.292, +0.171, +0.330, -1.050, +0.442, -0.329, -1.024, -0.670, +0.804, -0.683, -0.546, +0.413, -0.939, +0.942, +0.273, +0.064, +0.577, -0.615, -0.935, -0.356, -0.422, -0.778, +0.379]

Computer 1: [+0.500, -0.424, -0.268, -0.700, -0.896, -0.371, -0.089, -0.338, +0.012, +0.330, -1.050, +0.451, -0.439, -0.807, -0.670, +0.804, -0.683, -0.339, -0.270, -0.722, +0.942, +0.273, +0.064, +0.577, -0.615, -1.149, -0.458, -0.314, -0.781, +0.379]
Computer 2: [+0.500, -0.296, -0.268, -0.700, -0.824, -0.371, -0.035, -0.292, -0.048, +0.330, -1.050, +0.451, -0.330, -0.807, -0.670, +0.804, -0.683, -0.526, -0.050, -0.722, +0.942, +0.273, +0.064, +0.577, -0.615, -0.935, -0.458, -0.314, -0.781, +0.379]

Computer 1: [+0.500, -0.424, -0.442, -0.700, -0.896, -0.371, -0.089, -0.338, +0.012, +0.442, -1.050, +0.451, -0.439, -0.807, -0.670, +0.804, -0.683, -0.339, -0.351, -0.615, +0.942, +0.273, +0.064, +0.658, -0.615, -0.910, -0.458, -0.562, -0.781, +0.379]
Computer 2: [+0.376, -0.296, -0.268, -0.700, -0.824, -0.371, -0.035, -0.292, -0.048, +0.565, -1.050, +0.385, -0.330, -0.921, -0.670, +0.804, -0.683, -0.624, -0.050, -0.722, +0.942, +0.216, +0.064, +0.577, -0.615, -0.871, -0.599, -0.314, -0.607, +0.379]

Computer 1: [+0.376, -0.296, -0.268, -0.700, -0.824, -0.371, -0.035, -0.292, -0.048, +0.595, -1.050, +0.385, -0.553, -0.921, -0.670, +0.804, -0.683, -0.624, -0.050, -0.949, +0.815, +0.216, +0.064, +0.577, -0.615, -0.871, -0.599, -0.232, -0.607, +0.379]
Computer 2: [+0.500, -0.424, -0.442, -0.700, -0.896, -0.371, -0.089, -0.338, +0.012, +0.608, -0.968, +0.451, -0.439, -0.807, -0.670, +0.972, -0.683, -0.511, -0.351, -0.615, +0.942, +0.273, +0.064, +0.658, -0.615, -0.910, -0.458, -0.497, -0.781, +0.411]

Computer 1: [+0.500, -0.424, -0.442, -0.700, -0.896, -0.342, -0.089, -0.228, +0.012, +0.608, -0.968, +0.451, -0.439, -0.807, -0.670, +0.928, -0.462, -0.296, -0.351, -0.615, +0.942, +0.273, +0.064, +0.658, -0.615, -0.910, -0.458, -0.497, -0.781, +0.631]
Computer 2: [+0.500, -0.424, -0.442, -0.700, -0.896, -0.371, -0.089, -0.338, +0.023, +0.608, -0.968, +0.451, -0.415, -0.615, -0.670, +0.972, -0.450, -0.514, -0.351, -0.615, +0.942, +0.273, +0.073, +0.658, -0.615, -0.910, -0.323, -0.497, -0.781, +0.411]

Computer 1: [+0.500, -0.424, -0.442, -0.700, -0.896, -0.150, -0.089, -0.338, +0.023, +0.608, -0.968, +0.594, -0.415, -0.615, -0.670, +0.972, -0.564, -0.514, -0.351, -0.615, +0.942, +0.273, +0.073, +0.658, -0.615, -0.910, -0.323, -0.497, -0.781, +0.411]
Computer 2: [+0.500, -0.424, -0.442, -0.700, -0.896, -0.342, -0.089, -0.228, +0.012, +0.608, -0.968, +0.451, -0.439, -0.807, -0.670, +0.928, -0.462, -0.296, -0.351, -0.615, +0.942, +0.273, +0.064, +0.658, -0.615, -0.910, -0.458, -0.497, -0.781, +0.631]

Computer 1: [+0.500, -0.391, -0.442, -0.700, -0.896, -0.342, -0.089, -0.228, +0.122, +0.483, -1.156, +0.598, -0.439, -0.807, -0.670, +0.928, -0.547, -0.296, -0.351, -0.413, +0.942, +0.237, +0.064, +0.658, -0.468, -0.910, -0.458, -0.497, -0.781, +0.557]
Computer 2: [+0.500, -0.424, -0.526, -0.549, -0.896, -0.342, -0.089, -0.228, +0.012, +0.608, -0.968, +0.451, -0.439, -0.807, -0.670, +0.928, -0.462, -0.296, -0.351, -0.615, +0.942, +0.273, +0.064, +0.658, -0.615, -0.806, -0.458, -0.497, -0.781, +0.631]

Computer 1: [+0.500, -0.424, -0.526, -0.549, -0.672, -0.342, -0.089, -0.228, +0.012, +0.608, -0.968, +0.451, -0.562, -0.807, -0.670, +0.928, -0.354, -0.080, -0.351, -0.595, +0.942, +0.273, +0.064, +0.658, -0.781, -0.806, -0.543, -0.497, -0.781, +0.631]
Computer 2: [+0.660, -0.391, -0.475, -0.700, -0.896, -0.342, -0.089, -0.228, +0.122, +0.483, -1.020, +0.598, -0.556, -0.807, -0.670, +0.902, -0.539, -0.296, -0.187, -0.470, +0.942, +0.237, +0.064, +0.658, -0.224, -0.810, -0.458, -0.497, -0.781, +0.557]

Computer 1: [+0.500, -0.651, -0.526, -0.549, -0.672, -0.342, -0.089, -0.390, +0.012, +0.608, -0.968, +0.451, -0.787, -0.807, -0.670, +0.928, -0.354, -0.010, -0.351, -0.595, +1.117, +0.273, +0.064, +0.658, -0.781, -0.787, -0.543, -0.655, -0.781, +0.631]
Computer 2: [+0.500, -0.424, -0.526, -0.549, -0.672, -0.342, -0.089, -0.228, +0.012, +0.608, -0.968, +0.451, -0.562, -0.807, -0.670, +0.928, -0.354, -0.080, -0.351, -0.595, +0.942, +0.273, +0.064, +0.658, -0.781, -0.806, -0.543, -0.497, -0.781, +0.631]

Computer 1: [+0.500, -0.424, -0.526, -0.549, -0.672, -0.342, -0.089, -0.228, +0.012, +0.608, -0.968, +0.451, -0.562, -0.807, -0.670, +0.928, -0.354, -0.080, -0.351, -0.595, +0.942, +0.273, +0.064, +0.658, -0.781, -0.806, -0.543, -0.497, -0.781, +0.631]
Computer 2: [+0.500, -0.424, -0.526, -0.549, -0.628, -0.342, -0.089, -0.228, +0.012, +0.608, -0.913, +0.496, -0.770, -0.807, -0.670, +0.914, -0.354, -0.248, -0.351, -0.452, +0.942, +0.385, +0.064, +0.658, -0.781, -0.806, -0.543, -0.302, -0.781, +0.631]

Computer 1: [+0.500, -0.557, -0.526, -0.549, -0.628, -0.273, -0.089, -0.228, +0.012, +0.608, -0.913, +0.496, -0.770, -0.807, -0.503, +0.914, -0.501, -0.248, -0.351, -0.452, +0.942, +0.385, +0.064, +0.658, -0.783, -0.806, -0.543, -0.302, -0.837, +0.664]
Computer 2: [+0.500, -0.424, -0.526, -0.611, -0.672, -0.342, -0.089, -0.228, +0.012, +0.608, -1.167, +0.451, -0.562, -0.807, -0.670, +1.070, -0.354, -0.080, -0.595, -0.595, +0.942, +0.273, +0.276, +0.658, -0.781, -0.806, -0.543, -0.497, -0.781, +0.631]

Computer 1: [+0.656, -0.557, -0.526, -0.549, -0.628, -0.162, -0.089, -0.228, +0.229, +0.608, -0.913, +0.347, -0.944, -0.807, -0.503, +0.914, -0.501, -0.343, -0.351, -0.452, +0.942, +0.385, +0.064, +0.861, -0.783, -0.806, -0.543, -0.302, -0.837, +0.664]
Computer 2: [+0.638, -0.424, -0.526, -0.611, -0.672, -0.145, -0.137, -0.228, -0.234, +0.608, -1.167, +0.451, -0.562, -0.984, -0.670, +1.070, -0.354, -0.228, -0.595, -0.595, +0.942, +0.273, +0.320, +0.658, -0.553, -0.806, -0.543, -0.497, -0.781, +0.631]

Computer 1: [+0.656, -0.557, -0.526, -0.549, -0.628, -0.379, -0.089, -0.228, +0.229, +0.608, -0.913, +0.347, -0.944, -0.711, -0.503, +0.914, -0.501, -0.343, -0.351, -0.452, +0.942, +0.385, -0.151, +0.966, -0.664, -0.806, -0.543, -0.302, -0.837, +0.664]
Computer 2: [+0.638, -0.414, -0.526, -0.362, -0.672, -0.145, -0.137, -0.228, -0.234, +0.608, -1.167, +0.451, -0.562, -0.984, -0.670, +1.070, -0.540, -0.228, -0.595, -0.595, +0.984, +0.273, +0.320, +0.658, -0.553, -0.757, -0.543, -0.497, -0.781, +0.631]

Computer 1: [+0.638, -0.414, -0.526, -0.362, -0.450, -0.299, -0.137, -0.228, -0.234, +0.495, -1.167, +0.451, -0.562, -0.984, -0.670, +1.202, -0.540, -0.228, -0.595, -0.595, +0.984, +0.273, +0.320, +0.658, -0.367, -0.757, -0.397, -0.497, -0.781, +0.631]
Computer 2: [+0.656, -0.557, -0.526, -0.549, -0.628, -0.379, -0.089, -0.351, +0.229, +0.679, -0.913, +0.347, -1.076, -0.711, -0.497, +0.914, -0.501, -0.343, -0.351, -0.452, +0.942, +0.158, -0.094, +0.966, -0.458, -0.963, -0.543, -0.302, -0.837, +0.664]

Computer 1: [+0.638, -0.414, -0.526, -0.362, -0.450, -0.475, -0.137, -0.228, -0.348, +0.495, -1.167, +0.451, -0.422, -0.984, -0.670, +1.027, -0.540, -0.022, -0.646, -0.595, +0.955, +0.273, +0.320, +0.658, -0.367, -0.757, -0.397, -0.497, -0.781, +0.848]
Computer 2: [+0.638, -0.414, -0.764, -0.362, -0.450, -0.299, +0.086, -0.228, -0.234, +0.575, -1.167, +0.451, -0.562, -0.984, -0.670, +1.202, -0.540, -0.228, -0.595, -0.595, +0.984, +0.273, +0.320, +0.658, -0.367, -0.757, -0.313, -0.497, -0.781, +0.631]

Computer 1: [+0.638, -0.414, -0.526, -0.362, -0.450, -0.475, -0.137, -0.228, -0.348, +0.654, -1.331, +0.451, -0.422, -0.984, -0.465, +0.952, -0.540, -0.022, -0.646, -0.595, +0.955, +0.180, +0.320, +0.658, -0.367, -0.521, -0.579, -0.497, -0.781, +0.848]
Computer 2: [+0.638, -0.414, -0.526, -0.362, -0.406, -0.475, -0.137, -0.228, -0.187, +0.495, -0.928, +0.451, -0.422, -0.984, -0.670, +1.027, -0.470, -0.022, -0.646, -0.595, +0.737, +0.273, +0.320, +0.658, -0.367, -0.757, -0.397, -0.599, -0.781, +0.848]

Computer 1: [+0.638, -0.414, -0.526, -0.362, -0.204, -0.475, -0.213, +0.014, -0.187, +0.495, -0.928, +0.451, -0.422, -0.984, -0.670, +1.027, -0.470, -0.022, -0.646, -0.595, +0.737, +0.282, +0.320, +0.658, -0.393, -0.757, -0.271, -0.599, -0.866, +0.734]
Computer 2: [+0.638, -0.414, -0.526, -0.362, -0.450, -0.475, -0.137, -0.228, -0.348, +0.654, -1.331, +0.451, -0.422, -0.984, -0.465, +0.952, -0.540, -0.022, -0.646, -0.595, +0.955, +0.180, +0.320, +0.658, -0.367, -0.521, -0.579, -0.497, -0.781, +0.848]

Computer 1: [+0.538, -0.414, -0.526, -0.362, -0.204, -0.261, -0.213, +0.014, -0.187, +0.495, -1.134, +0.451, -0.443, -0.984, -0.670, +1.027, -0.470, -0.030, -0.646, -0.508, +0.737, +0.282, +0.320, +0.658, -0.171, -0.757, -0.271, -0.599, -0.866, +0.734]
Computer 2: [+0.424, -0.414, -0.526, -0.362, -0.450, -0.475, -0.144, -0.228, -0.348, +0.654, -1.308, +0.485, -0.209, -0.984, -0.465, +0.952, -0.540, +0.216, -0.646, -0.595, +0.955, +0.180, +0.235, +0.658, -0.367, -0.521, -0.579, -0.619, -0.781, +0.951]

Computer 1: [+0.538, -0.414, -0.626, -0.362, -0.092, -0.261, -0.213, +0.014, -0.187, +0.408, -1.134, +0.391, -0.571, -0.984, -0.670, +1.027, -0.470, -0.030, -0.448, -0.508, +0.737, +0.282, +0.320, +0.658, -0.171, -0.757, -0.271, -0.599, -0.866, +0.734]
Computer 2: [+0.538, -0.414, -0.385, -0.456, -0.204, -0.261, -0.213, +0.014, -0.187, +0.495, -1.134, +0.451, -0.443, -0.984, -0.670, +1.027, -0.470, -0.216, -0.881, -0.487, +0.737, +0.282, +0.320, +0.658, -0.171, -0.757, -0.271, -0.599, -0.866, +0.734]

Computer 1: [+0.538, -0.414, -0.385, -0.456, -0.204, -0.261, -0.213, +0.014, -0.187, +0.495, -1.134, +0.451, -0.443, -0.984, -0.670, +1.027, -0.470, -0.216, -0.881, -0.487, +0.737, +0.282, +0.320, +0.658, -0.171, -0.757, -0.271, -0.599, -0.866, +0.734]
Computer 2: [+0.538, -0.414, -0.410, -0.456, -0.355, -0.261, -0.213, +0.014, -0.187, +0.495, -1.134, +0.451, -0.443, -0.880, -0.670, +1.027, -0.470, -0.216, -0.881, -0.487, +0.737, +0.290, +0.320, +0.448, -0.171, -0.711, -0.271, -0.599, -0.866, +0.734]

Computer 1: [+0.508, -0.597, -0.385, -0.456, -0.204, -0.261, -0.397, +0.014, -0.187, +0.495, -1.134, +0.665, -0.443, -0.984, -0.670, +1.027, -0.470, -0.216, -0.881, -0.487, +0.737, +0.282, +0.320, +0.559, -0.165, -0.757, -0.271, -0.599, -0.866, +0.734]
Computer 2: [+0.626, -0.414, -0.403, -0.456, -0.411, -0.261, -0.213, +0.014, -0.187, +0.495, -1.134, +0.394, -0.443, -0.984, -0.489, +1.027, -0.470, -0.176, -0.944, -0.487, +0.737, +0.282, +0.320, +0.658, -0.171, -0.757, -0.271, -0.599, -0.866, +0.734]

Computer 1: [+0.626, -0.414, -0.427, -0.337, -0.411, -0.172, -0.213, +0.014, -0.187, +0.647, -1.005, +0.226, -0.562, -0.984, -0.655, +1.027, -0.470, -0.212, -0.944, -0.683, +0.737, +0.282, +0.112, +0.658, -0.075, -0.757, -0.023, -0.599, -0.804, +0.734]
Computer 2: [+0.626, -0.414, -0.403, -0.456, -0.411, -0.261, -0.213, +0.014, -0.187, +0.495, -1.134, +0.394, -0.443, -0.984, -0.489, +1.027, -0.258, -0.176, -0.944, -0.487, +0.737, +0.282, +0.320, +0.658, -0.171, -0.757, -0.271, -0.599, -0.866, +0.734]

Computer 1: [+0.626, -0.414, -0.427, -0.337, -0.513, -0.172, -0.120, +0.014, -0.187, +0.451, -1.072, +0.226, -0.562, -0.984, -0.655, +1.027, -0.470, -0.212, -0.902, -0.683, +0.737, +0.282, +0.108, +0.658, -0.075, -0.757, +0.211, -0.599, -0.804, +0.734]
Computer 2: [+0.713, -0.454, -0.250, -0.337, -0.451, -0.172, -0.120, +0.014, -0.268, +0.647, -1.005, +0.110, -0.329, -0.984, -0.655, +1.027, -0.470, -0.212, -0.944, -0.870, +0.737, +0.282, -0.078, +0.658, +0.142, -0.757, +0.150, -0.387, -1.053, +0.734]

Computer 1: [+0.713, -0.454, -0.250, -0.121, -0.451, -0.321, -0.120, +0.014, -0.268, +0.431, -1.005, +0.092, -0.503, -0.984, -0.655, +1.027, -0.653, -0.212, -1.009, -0.870, +0.941, +0.282, -0.078, +0.658, +0.142, -0.757, +0.150, -0.387, -1.053, +0.734]
Computer 2: [+0.502, -0.687, -0.285, -0.339, -0.451, -0.172, +0.098, +0.014, -0.219, +0.647, -1.005, +0.110, -0.329, -1.115, -0.655, +1.027, -0.470, -0.212, -0.944, -0.818, +0.737, +0.282, -0.078, +0.658, +0.142, -0.757, +0.150, -0.387, -1.062, +0.647]
