
Computer 1: [+0.951, +0.627, +0.140, +0.436, +0.734, +0.954, -0.893, +0.634, -0.672, +0.408, -0.339, -0.048, +0.662, -0.523, +0.344, -0.411, -0.087, -0.251, -0.514, +0.535, -0.821, -0.797, +0.092, -0.384, +0.076, -0.332, +0.578, +0.918, -0.764, -0.307]
Computer 2: [+0.287, +0.810, +0.759, +0.000, -0.245, -0.968, +0.968, -0.016, -0.858, +0.160, -0.204, -0.689, +0.422, +0.254, -0.741, +0.087, -0.089, -0.058, -0.308, -0.508, +0.311, +0.355, -0.451, -0.888, -0.690, +0.313, -0.074, +0.746, -0.007, -0.635]

Computer 1: [+0.287, +0.810, +0.759, +0.000, -0.245, -0.968, +0.968, -0.016, -0.858, +0.046, -0.204, -0.689, +0.422, +0.437, -0.741, +0.087, -0.303, -0.058, -0.308, -0.508, +0.311, +0.355, -0.451, -0.888, -0.726, +0.134, -0.074, +0.746, +0.208, -0.446]
Computer 2: [+0.287, +0.594, +0.759, +0.000, -0.245, -0.968, +0.899, -0.090, -0.858, +0.160, -0.204, -0.689, +0.422, +0.254, -0.954, -0.160, -0.089, -0.058, -0.308, -0.508, +0.311, +0.355, -0.643, -1.136, -0.690, +0.432, -0.074, +0.746, -0.007, -0.635]

Computer 1: [+0.252, +0.810, +0.759, -0.195, -0.245, -0.968, +0.968, -0.016, -0.858, +0.252, -0.200, -0.689, +0.422, +0.437, -0.741, +0.087, -0.303, -0.058, -0.217, -0.469, +0.413, +0.355, -0.451, -0.888, -0.726, +0.134, -0.074, +0.808, +0.208, -0.446]
Computer 2: [+0.287, +0.810, +0.759, +0.000, -0.245, -0.968, +0.968, -0.016, -0.858, +0.046, -0.204, -0.689, +0.422, +0.437, -0.741, +0.087, -0.303, -0.058, -0.308, -0.508, +0.311, +0.355, -0.451, -0.888, -0.726, +0.134, -0.074, +0.746, +0.208, -0.446]

Computer 1: [+0.586, -0.249, +0.756, +0.084, -0.674, +0.084, +0.801, -0.008, +0.241, +0.822, +0.969, +0.648, -0.927, +0.158, +0.416, +0.021, +0.808, -0.883, +0.017, +0.966, -0.007, +0.295, -0.831, +0.994, +0.353, -0.395, +0.446, +0.722, +0.234, -0.666]
Computer 2: [+0.252, +0.810, +0.759, -0.195, -0.245, -0.968, +0.968, -0.016, -0.858, +0.252, -0.200, -0.689, +0.422, +0.437, -0.741, +0.087, -0.303, -0.058, -0.217, -0.469, +0.413, +0.355, -0.451, -0.888, -0.726, +0.134, -0.074, +0.808, +0.208, -0.446]

Computer 1: [+0.701, -0.249, +0.756, +0.084, -0.674, +0.084, +0.801, -0.008, +0.241, +0.822, +0.969, +0.648, -0.927, +0.158, +0.416, +0.021, +1.028, -0.988, +0.017, +0.966, -0.007, +0.295, -0.633, +0.994, +0.353, -0.395, +0.446, +0.722, +0.234, -0.666]
Computer 2: [+0.586, -0.249, +0.756, +0.180, -0.674, +0.148, +0.801, -0.008, +0.241, +0.822, +0.969, +0.430, -0.927, +0.158, +0.268, +0.021, +0.801, -0.883, +0.017, +0.966, -0.007, +0.527, -0.831, +0.994, +0.353, -0.395, +0.446, +0.722, +0.234, -0.666]

Computer 1: [+0.696, -0.249, +0.756, +0.180, -0.674, +0.148, +0.801, -0.008, +0.173, +0.962, +0.840, +0.430, -0.927, +0.139, +0.268, +0.021, +0.896, -0.883, +0.017, +0.966, -0.007, +0.527, -0.831, +0.994, +0.353, -0.616, +0.446, +0.722, +0.234, -0.666]
Computer 2: [+0.586, -0.249, +0.756, +0.180, -0.674, +0.148, +0.801, -0.008, +0.001, +0.822, +0.969, +0.430, -0.861, +0.158, +0.268, -0.069, +0.801, -0.764, +0.017, +0.966, -0.007, +0.309, -0.831, +0.994, +0.219, -0.391, +0.446, +0.722, +0.234, -0.666]

Computer 1: [+0.696, -0.249, +0.756, +0.180, -0.674, +0.182, +0.801, -0.008, +0.178, +0.962, +0.601, +0.430, -0.927, +0.139, +0.268, +0.021, +0.896, -0.883, +0.017, +0.966, -0.198, +0.527, -0.831, +1.039, +0.353, -0.542, +0.656, +0.722, +0.351, -0.666]
Computer 2: [+0.696, -0.249, +0.756, +0.180, -0.674, +0.148, +0.801, -0.008, +0.173, +0.962, +0.840, +0.430, -0.927, +0.139, +0.268, +0.021, +0.896, -0.883, +0.017, +0.966, -0.007, +0.527, -0.831, +0.994, +0.353, -0.616, +0.446, +0.722, +0.234, -0.666]

Computer 1: [+0.696, -0.249, +0.756, +0.180, -0.674, +0.148, +0.801, -0.008, +0.173, +0.962, +0.840, +0.430, -0.927, +0.139, +0.268, +0.021, +0.896, -0.883, +0.017, +0.966, -0.007, +0.527, -0.831, +0.994, +0.353, -0.616, +0.446, +0.722, +0.234, -0.666]
Computer 2: [+0.696, -0.249, +0.573, +0.043, -0.674, +0.182, +0.801, -0.008, +0.178, +0.962, +0.601, +0.430, -0.927, +0.139, +0.268, +0.180, +0.871, -0.883, +0.017, +0.758, -0.198, +0.681, -0.831, +1.039, +0.353, -0.542, +0.656, +0.722, +0.197, -0.666]

Computer 1: [+0.696, -0.249, +0.573, +0.043, -0.897, +0.182, +0.801, -0.008, +0.178, +0.962, +0.601, +0.430, -0.927, +0.139, +0.456, +0.180, +0.871, -0.883, +0.017, +0.758, +0.030, +0.672, -0.601, +1.039, +0.353, -0.542, +0.707, +0.722, +0.288, -0.666]
Computer 2: [+0.696, -0.055, +0.680, +0.043, -0.674, +0.165, +0.801, -0.008, +0.178, +0.962, +0.601, +0.300, -0.927, +0.139, +0.268, +0.356, +0.871, -0.883, +0.017, +0.573, -0.198, +0.905, -0.831, +1.039, +0.353, -0.542, +0.656, +0.722, +0.101, -0.666]

Computer 1: [+0.696, -0.302, +0.573, +0.043, -0.897, +0.182, +0.801, -0.008, +0.178, +0.808, +0.601, +0.430, -1.141, +0.139, +0.475, +0.180, +0.871, -0.883, +0.017, +0.552, -0.148, +0.672, -0.563, +1.266, +0.353, -0.542, +0.707, +0.835, +0.288, -0.666]
Computer 2: [+0.764, -0.055, +0.680, +0.043, -0.674, +0.038, +0.801, -0.008, +0.045, +0.794, +0.601, +0.300, -0.927, +0.139, +0.120, +0.356, +0.681, -0.883, +0.017, +0.443, -0.198, +0.905, -0.808, +1.039, +0.353, -0.542, +0.672, +0.562, +0.008, -0.666]
