
Computer 1: [+0.676, -0.687, -0.285, -0.339, -0.451, -0.172, -0.095, +0.014, -0.219, +0.706, -1.005, +0.110, -0.284, -1.115, -0.655, +1.027, -0.470, -0.212, -0.944, -0.878, +0.737, +0.282, -0.078, +0.658, +0.142, -0.757, +0.150, -0.387, -0.982, +0.647]
Computer 2: [+0.502, -0.687, -0.281, -0.382, -0.451, -0.172, +0.098, +0.014, -0.219, +0.735, -1.005, +0.032, -0.329, -1.228, -0.655, +1.027, -0.470, -0.270, -1.052, -0.966, +0.763, +0.282, -0.078, +0.739, +0.142, -0.757, +0.150, -0.387, -1.062, +0.647]

Computer 1: [+0.676, -0.687, -0.285, -0.339, -0.451, -0.172, -0.095, +0.014, -0.219, +0.741, -1.005, +0.110, -0.284, -1.276, -0.655, +1.176, -0.470, -0.212, -0.852, -0.878, +0.690, +0.486, -0.082, +0.492, +0.142, -0.757, +0.150, -0.172, -0.982, +0.647]
Computer 2: [+0.676, -0.687, -0.285, -0.339, -0.451, -0.172, -0.095, +0.014, -0.219, +0.706, -1.005, +0.110, -0.284, -1.115, -0.655, +1.027, -0.470, -0.212, -0.944, -0.878, +0.737, +0.282, -0.078, +0.658, +0.142, -0.757, +0.150, -0.387, -0.982, +0.647]

Computer 1: [+0.866, -0.517, -0.285, -0.339, -0.451, -0.172, -0.095, +0.014, -0.219, +0.730, -1.005, +0.110, -0.284, -1.276, -0.655, +1.176, -0.470, -0.212, -0.852, -0.878, +0.690, +0.486, -0.082, +0.492, +0.372, -0.757, +0.284, -0.172, -0.982, +0.647]
Computer 2: [+0.676, -0.687, -0.285, -0.339, -0.451, -0.172, -0.095, +0.014, -0.219, +0.706, -1.005, +0.231, -0.204, -1.331, -0.655, +1.027, -0.470, -0.246, -0.998, -0.878, +0.692, +0.282, -0.078, +0.658, +0.084, -0.757, +0.150, -0.212, -0.982, +0.774]

Computer 1: [+0.866, -0.517, -0.285, -0.339, -0.451, -0.172, -0.095, +0.014, -0.219, +0.730, -1.005, +0.110, -0.284, -1.276, -0.655, +1.176, -0.470, -0.212, -0.852, -0.878, +0.690, +0.486, -0.082, +0.492, +0.372, -0.757, +0.284, -0.172, -0.982, +0.647]
Computer 2: [+0.866, -0.416, -0.182, -0.339, -0.451, -0.140, -0.095, +0.144, -0.219, +0.532, -1.005, +0.110, -0.284, -1.276, -0.655, +1.176, -0.470, -0.212, -0.852, -1.097, +0.690, +0.486, -0.082, +0.535, +0.294, -0.757, +0.284, -0.172, -0.982, +0.647]

Computer 1: [+0.882, -0.446, -0.334, -0.339, -0.451, -0.140, -0.095, +0.144, -0.219, +0.532, -1.005, -0.136, -0.284, -1.110, -0.611, +1.026, -0.470, -0.212, -0.852, -1.097, +0.690, +0.704, -0.082, +0.535, +0.294, -0.757, +0.477, -0.172, -1.206, +0.647]
Computer 2: [+0.866, -0.416, -0.182, -0.339, -0.451, -0.140, -0.095, +0.144, -0.219, +0.532, -1.205, +0.110, -0.284, -1.504, -0.655, +1.311, -0.470, -0.454, -0.852, -0.904, +0.690, +0.486, -0.082, +0.535, +0.492, -0.757, +0.284, -0.099, -0.982, +0.647]

Computer 1: [+0.696, -0.446, -0.334, -0.339, -0.337, -0.140, -0.095, +0.144, -0.367, +0.532, -1.005, +0.030, -0.284, -1.110, -0.611, +1.030, -0.470, -0.212, -0.886, -1.097, +0.690, +0.509, -0.082, +0.535, +0.294, -0.525, +0.477, -0.172, -1.206, +0.647]
Computer 2: [+0.882, -0.631, -0.334, -0.339, -0.493, -0.140, -0.095, +0.144, -0.219, +0.767, -1.005, -0.136, -0.284, -0.993, -0.611, +1.026, -0.515, -0.212, -0.941, -0.984, +0.690, +0.829, -0.212, +0.535, +0.294, -0.757, +0.477, -0.194, -1.225, +0.647]

Computer 1: [+0.696, -0.490, -0.334, -0.194, -0.337, +0.063, -0.095, +0.144, -0.367, +0.532, -1.005, +0.030, -0.284, -1.110, -0.611, +1.030, -0.470, -0.384, -0.886, -1.097, +0.690, +0.509, -0.082, +0.535, +0.294, -0.525, +0.477, -0.172, -1.311, +0.647]
Computer 2: [+0.882, -0.631, -0.542, -0.339, -0.493, -0.130, -0.095, +0.305, -0.216, +0.567, -1.005, -0.136, -0.284, -0.993, -0.611, +1.026, -0.271, -0.212, -0.941, -0.984, +0.690, +0.829, -0.043, +0.535, +0.294, -0.800, +0.477, -0.194, -1.225, +0.647]

Computer 1: [+0.972, -0.420, -0.542, -0.339, -0.493, -0.130, -0.095, +0.305, -0.216, +0.567, -1.005, -0.136, -0.284, -0.993, -0.611, +1.175, -0.271, -0.212, -0.941, -0.908, +0.692, +0.829, -0.043, +0.535, +0.294, -0.942, +0.488, -0.369, -1.225, +0.647]
Computer 2: [+0.882, -0.592, -0.482, -0.380, -0.493, -0.130, -0.095, +0.305, +0.018, +0.409, -1.005, -0.136, -0.310, -0.993, -0.611, +1.097, -0.271, -0.212, -0.941, -0.984, +0.690, +1.053, -0.043, +0.535, +0.342, -0.979, +0.477, -0.194, -1.225, +0.640]

Computer 1: [+0.972, -0.204, -0.542, -0.450, -0.493, -0.182, -0.095, +0.305, -0.216, +0.803, -1.005, -0.136, -0.284, -0.993, -0.611, +1.175, -0.271, -0.212, -0.787, -0.908, +0.692, +0.681, -0.043, +0.544, +0.294, -0.942, +0.488, -0.369, -1.225, +0.647]
Computer 2: [+0.972, -0.420, -0.542, -0.339, -0.493, -0.130, -0.095, +0.305, -0.275, +0.567, -1.005, +0.076, -0.284, -0.993, -0.611, +1.175, -0.271, -0.212, -0.941, -0.908, +0.692, +0.829, -0.183, +0.535, +0.506, -0.942, +0.488, -0.201, -1.225, +0.647]

Computer 1: [+0.969, -0.420, -0.542, -0.339, -0.493, -0.130, -0.095, +0.305, -0.484, +0.567, -1.130, +0.076, -0.284, -0.993, -0.557, +1.414, -0.271, -0.212, -0.941, -0.908, +0.692, +0.848, -0.183, +0.535, +0.506, -0.942, +0.331, -0.201, -1.225, +0.647]
Computer 2: [+0.972, -0.438, -0.542, -0.277, -0.493, -0.182, -0.095, +0.305, -0.386, +0.803, -1.185, -0.136, -0.284, -0.993, -0.611, +1.175, -0.271, -0.212, -0.787, -0.908, +0.899, +0.681, -0.136, +0.763, +0.294, -0.942, +0.488, -0.220, -1.090, +0.647]

Computer 1: [+1.146, -0.657, -0.419, -0.277, -0.493, -0.182, -0.095, +0.305, -0.386, +0.803, -1.185, -0.136, -0.159, -0.993, -0.611, +1.175, -0.271, -0.090, -0.787, -0.908, +1.133, +0.681, -0.176, +0.763, +0.294, -0.942, +0.488, -0.220, -1.090, +0.637]
Computer 2: [+0.972, -0.438, -0.542, -0.277, -0.342, -0.066, -0.095, +0.108, -0.386, +0.803, -1.185, -0.136, -0.284, -0.993, -0.611, +1.175, -0.271, -0.212, -0.787, -0.757, +0.899, +0.681, -0.136, +0.534, +0.294, -0.942, +0.488, -0.220, -1.090, +0.647]

Computer 1: [+0.972, -0.438, -0.542, -0.277, -0.342, -0.066, -0.095, +0.108, -0.386, +0.803, -1.185, -0.136, -0.284, -0.993, -0.611, +1.175, -0.271, -0.212, -0.787, -0.757, +0.899, +0.681, -0.136, +0.534, +0.294, -0.942, +0.488, -0.220, -1.090, +0.647]
Computer 2: [+0.852, -0.438, -0.542, -0.277, -0.342, -0.066, -0.095, +0.247, -0.386, +0.803, -1.216, -0.136, -0.140, -0.993, -0.474, +1.175, -0.271, -0.212, -0.787, -0.798, +0.899, +0.681, -0.136, +0.534, +0.294, -0.942, +0.607, -0.220, -1.090, +0.549]

Computer 1: [+0.972, -0.248, -0.542, -0.277, -0.524, -0.066, -0.095, +0.247, -0.389, +0.803, -1.216, -0.136, -0.140, -0.993, -0.226, +1.229, -0.265, -0.085, -0.787, -0.798, +0.899, +0.854, -0.136, +0.528, +0.294, -0.942, +0.607, -0.220, -1.090, +0.549]
Computer 2: [+0.972, -0.321, -0.542, -0.128, -0.342, -0.171, -0.101, +0.108, -0.386, +0.803, -1.099, -0.059, -0.284, -1.124, -0.611, +1.043, -0.287, -0.212, -0.787, -0.962, +0.899, +0.681, -0.136, +0.424, +0.294, -0.741, +0.488, -0.220, -1.157, +0.647]

Computer 1: [+0.972, -0.008, -0.372, -0.277, -0.524, -0.178, -0.095, +0.247, -0.389, +0.803, -1.216, -0.136, -0.009, -0.993, -0.226, +1.229, -0.265, -0.085, -0.787, -0.798, +0.899, +0.854, -0.136, +0.528, +0.294, -0.942, +0.607, -0.220, -1.090, +0.549]
Computer 2: [+0.972, -0.248, -0.542, -0.277, -0.524, -0.066, -0.095, +0.247, -0.389, +0.803, -1.216, -0.136, -0.140, -0.993, -0.226, +1.229, -0.265, -0.085, -0.787, -0.798, +0.899, +0.854, -0.136, +0.528, +0.294, -0.942, +0.607, -0.220, -1.090, +0.549]

Computer 1: [+1.054, +0.140, -0.372, -0.277, -0.728, -0.178, -0.095, +0.311, -0.389, +0.803, -1.216, -0.136, -0.009, -0.991, -0.226, +1.229, -0.265, -0.085, -0.697, -0.798, +0.769, +0.790, -0.136, +0.604, +0.196, -0.942, +0.607, -0.220, -1.090, +0.549]
Computer 2: [+0.813, -0.008, -0.372, -0.440, -0.524, -0.178, -0.184, +0.269, -0.389, +0.991, -1.216, -0.136, -0.009, -1.229, -0.226, +1.229, -0.265, -0.085, -0.787, -0.798, +0.899, +0.791, -0.136, +0.528, +0.146, -0.942, +0.607, -0.220, -1.120, +0.549]

Computer 1: [+1.054, +0.140, -0.372, -0.277, -0.728, -0.178, -0.095, +0.311, -0.389, +0.803, -1.216, -0.136, -0.009, -0.991, -0.226, +1.229, -0.265, -0.085, -0.697, -0.798, +0.769, +0.790, -0.136, +0.604, +0.196, -0.942, +0.607, -0.220, -1.090, +0.549]
Computer 2: [+1.054, +0.140, -0.372, -0.250, -0.728, -0.178, -0.095, +0.311, -0.389, +0.803, -1.444, -0.136, -0.009, -0.991, -0.226, +1.229, -0.265, -0.085, -0.886, -0.798, +0.923, +0.790, -0.252, +0.773, +0.196, -0.813, +0.607, -0.220, -1.320, +0.468]

Computer 1: [+1.054, +0.140, -0.372, -0.250, -0.728, -0.178, -0.095, +0.311, -0.389, +0.803, -1.444, -0.136, -0.009, -0.991, -0.226, +1.229, -0.265, -0.085, -0.886, -0.798, +0.923, +0.790, -0.252, +0.773, +0.196, -0.813, +0.607, -0.220, -1.320, +0.468]
Computer 2: [+0.842, +0.140, -0.372, -0.250, -0.638, -0.178, -0.095, +0.311, -0.389, +0.803, -1.444, -0.040, -0.009, -1.200, -0.226, +1.229, -0.265, -0.085, -0.886, -0.798, +0.923, +0.790, -0.252, +0.773, +0.196, -0.813, +0.607, -0.220, -1.320, +0.607]

Computer 1: [+1.054, +0.140, -0.372, -0.250, -0.728, -0.290, -0.188, +0.311, -0.389, +0.803, -1.444, -0.137, -0.009, -0.991, -0.181, +1.229, -0.265, -0.085, -0.886, -0.605, +0.861, +0.790, -0.252, +0.773, +0.196, -0.813, +0.607, -0.220, -1.320, +0.468]
Computer 2: [+1.054, +0.140, -0.372, -0.250, -0.728, -0.178, -0.095, +0.311, -0.389, +0.803, -1.444, -0.136, -0.009, -0.991, -0.226, +1.229, -0.265, -0.085, -0.886, -0.798, +0.923, +0.790, -0.252, +0.773, +0.196, -0.813, +0.607, -0.220, -1.320, +0.468]

Computer 1: [+0.991, +0.140, -0.212, -0.250, -0.728, -0.290, -0.403, +0.311, -0.639, +0.803, -1.444, -0.368, -0.009, -0.991, -0.037, +1.229, -0.265, +0.086, -0.886, -0.605, +0.861, +0.790, -0.252, +0.773, +0.196, -0.813, +0.607, -0.220, -1.320, +0.468]
Computer 2: [+1.054, +0.140, -0.352, -0.250, -0.762, -0.178, -0.095, +0.311, -0.389, +0.803, -1.444, +0.050, -0.009, -1.194, -0.226, +1.093, -0.265, -0.085, -0.886, -0.798, +0.923, +0.931, -0.252, +0.773, +0.119, -0.813, +0.607, +0.012, -1.320, +0.663]

Computer 1: [+1.054, +0.257, -0.352, -0.250, -0.762, -0.178, -0.279, +0.311, -0.389, +0.803, -1.444, +0.050, +0.098, -1.194, -0.226, +1.093, -0.073, -0.085, -0.886, -0.798, +0.678, +0.931, -0.337, +0.773, +0.119, -0.589, +0.607, +0.012, -1.320, +0.663]
Computer 2: [+0.991, +0.140, -0.212, -0.250, -0.728, -0.290, -0.403, +0.311, -0.639, +0.803, -1.291, -0.368, -0.221, -0.991, -0.155, +1.229, -0.265, +0.086, -0.886, -0.605, +0.861, +0.790, -0.252, +0.773, +0.196, -0.813, +0.607, -0.220, -1.563, +0.468]

Computer 1: [+0.938, +0.224, -0.212, -0.250, -0.728, -0.290, -0.403, +0.311, -0.639, +0.803, -1.475, -0.368, -0.221, -0.991, -0.067, +1.229, -0.265, +0.086, -0.886, -0.605, +0.861, +0.790, -0.118, +0.695, +0.196, -0.813, +0.681, -0.220, -1.563, +0.316]
Computer 2: [+0.991, +0.140, -0.212, -0.184, -0.728, -0.290, -0.479, +0.311, -0.548, +0.803, -1.521, -0.368, -0.221, -0.991, -0.155, +1.229, -0.265, +0.054, -0.886, -0.605, +0.861, +0.790, -0.252, +0.773, +0.170, -0.779, +0.456, -0.220, -1.695, +0.468]

Computer 1: [+0.752, +0.140, -0.212, -0.184, -0.728, -0.352, -0.479, +0.311, -0.606, +0.803, -1.471, -0.368, -0.414, -0.827, -0.155, +1.229, -0.265, +0.054, -1.031, -0.605, +0.861, +0.790, -0.252, +0.623, +0.170, -0.655, +0.456, -0.187, -1.446, +0.600]
Computer 2: [+0.938, +0.224, -0.212, -0.250, -0.728, -0.404, -0.403, +0.311, -0.639, +0.803, -1.475, -0.358, -0.221, -0.991, -0.067, +1.229, -0.265, +0.086, -0.886, -0.478, +0.861, +0.790, -0.070, +0.695, +0.008, -0.813, +0.681, -0.220, -1.563, +0.146]

Computer 1: [+0.938, +0.224, -0.042, -0.056, -0.728, -0.404, -0.403, +0.311, -0.639, +0.803, -1.475, -0.377, -0.221, -0.815, -0.098, +1.229, -0.037, -0.056, -0.886, -0.571, +0.861, +0.981, -0.070, +0.695, +0.008, -0.588, +0.681, -0.220, -1.563, +0.146]
Computer 2: [+0.752, +0.140, -0.358, -0.184, -0.792, -0.294, -0.479, +0.311, -0.606, +0.649, -1.254, -0.368, -0.414, -0.827, -0.155, +1.280, -0.199, +0.054, -1.031, -0.605, +1.057, +0.790, -0.252, +0.623, +0.170, -0.814, +0.456, -0.187, -1.293, +0.600]

Computer 1: [+0.752, +0.140, -0.358, -0.079, -0.792, -0.276, -0.479, +0.311, -0.606, +0.649, -1.254, -0.368, -0.414, -0.717, -0.155, +1.280, -0.199, +0.054, -1.031, -0.548, +1.057, +0.790, -0.252, +0.623, +0.026, -0.814, +0.456, -0.187, -1.293, +0.797]
Computer 2: [+0.752, +0.140, -0.358, -0.184, -0.792, -0.294, -0.479, +0.311, -0.606, +0.649, -1.254, -0.368, -0.414, -0.827, -0.155, +1.280, -0.199, +0.054, -1.031, -0.605, +1.057, +0.790, -0.252, +0.623, +0.170, -0.814, +0.456, -0.187, -1.293, +0.600]

Computer 1: [+0.752, +0.140, -0.358, +0.048, -0.792, -0.045, -0.479, +0.311, -0.540, +0.557, -1.254, -0.174, -0.655, -0.571, -0.155, +1.280, -0.199, +0.281, -1.031, -0.548, +1.057, +0.583, -0.252, +0.409, +0.261, -0.729, +0.456, -0.319, -1.293, +0.797]
Computer 2: [+0.752, +0.140, -0.358, -0.184, -0.792, -0.294, -0.479, +0.559, -0.602, +0.649, -1.254, -0.134, -0.414, -0.738, -0.155, +1.280, -0.199, +0.054, -1.031, -0.605, +1.087, +0.790, -0.252, +0.395, +0.170, -0.814, +0.456, -0.187, -1.133, +0.822]

Computer 1: [+0.752, +0.140, -0.358, +0.048, -0.792, -0.045, -0.479, +0.311, -0.540, +0.557, -1.254, -0.174, -0.655, -0.571, -0.155, +1.280, -0.199, +0.281, -1.031, -0.548, +1.057, +0.583, -0.252, +0.409, +0.261, -0.729, +0.456, -0.319, -1.293, +0.797]
Computer 2: [+0.752, +0.197, -0.358, +0.070, -0.792, -0.045, -0.479, +0.311, -0.540, +0.557, -1.254, -0.174, -0.476, -0.571, -0.155, +1.280, -0.199, +0.281, -1.031, -0.589, +1.057, +0.583, -0.252, +0.409, +0.367, -0.729, +0.456, -0.319, -1.293, +0.797]

Computer 1: [+0.601, +0.140, -0.529, +0.048, -0.792, -0.045, -0.479, +0.311, -0.540, +0.557, -1.254, -0.174, -0.617, -0.571, -0.155, +1.280, -0.199, +0.345, -1.031, -0.548, +1.057, +0.583, -0.252, +0.409, +0.068, -0.729, +0.456, -0.105, -1.293, +0.797]
Computer 2: [+0.752, +0.235, -0.358, +0.036, -0.792, -0.045, -0.479, +0.363, -0.540, +0.557, -1.254, -0.340, -0.655, -0.562, -0.155, +1.257, -0.199, +0.281, -1.031, -0.548, +1.057, +0.583, -0.252, +0.409, +0.261, -0.729, +0.456, -0.319, -1.293, +0.797]

Computer 1: [+0.601, +0.140, -0.529, +0.048, -0.792, -0.045, -0.479, +0.311, -0.540, +0.557, -1.254, -0.174, -0.617, -0.571, -0.155, +1.280, -0.199, +0.345, -1.031, -0.548, +1.057, +0.583, -0.252, +0.409, +0.068, -0.729, +0.456, -0.105, -1.293, +0.797]
Computer 2: [+0.601, +0.140, -0.529, +0.048, -0.792, -0.045, -0.479, +0.311, -0.540, +0.557, -1.310, -0.174, -0.675, -0.571, -0.155, +1.280, -0.199, +0.345, -1.031, -0.548, +1.057, +0.583, -0.252, +0.409, +0.068, -0.729, +0.456, -0.105, -1.293, +0.797]

Computer 1: [+0.601, +0.140, -0.529, +0.048, -0.792, -0.045, -0.479, +0.311, -0.540, +0.557, -1.254, -0.174, -0.617, -0.571, -0.155, +1.280, -0.199, +0.345, -1.031, -0.548, +1.057, +0.583, -0.252, +0.409, +0.068, -0.729, +0.456, -0.105, -1.293, +0.797]
Computer 2: [+0.601, +0.140, -0.529, +0.048, -0.792, -0.045, -0.479, +0.311, -0.540, +0.557, -1.310, -0.174, -0.675, -0.571, -0.155, +1.280, -0.199, +0.345, -1.031, -0.548, +1.057, +0.583, -0.252, +0.409, +0.068, -0.729, +0.456, -0.105, -1.293, +0.797]

Computer 1: [+0.601, +0.140, -0.529, +0.048, -0.792, -0.045, -0.712, +0.234, -0.540, +0.557, -1.310, -0.174, -0.675, -0.571, -0.155, +1.065, -0.295, +0.345, -1.031, -0.548, +1.057, +0.583, -0.252, +0.409, +0.145, -0.510, +0.456, -0.105, -1.293, +0.573]
Computer 2: [+0.601, -0.072, -0.529, +0.048, -0.792, -0.045, -0.479, +0.311, -0.513, +0.557, -1.310, -0.174, -0.675, -0.571, -0.155, +1.280, -0.199, +0.345, -1.031, -0.548, +1.057, +0.583, -0.252, +0.409, +0.068, -0.828, +0.456, -0.105, -1.138, +0.797]

Computer 1: [+0.601, -0.077, -0.529, +0.048, -0.665, -0.131, -0.712, +0.389, -0.540, +0.557, -1.310, -0.174, -0.675, -0.783, -0.000, +1.065, -0.295, +0.345, -1.031, -0.696, +1.077, +0.583, -0.252, +0.409, +0.145, -0.391, +0.456, -0.105, -1.293, +0.656]
Computer 2: [+0.601, +0.140, -0.529, +0.048, -0.792, -0.045, -0.686, +0.234, -0.518, +0.557, -1.310, -0.026, -0.675, -0.571, +0.056, +1.065, -0.169, +0.249, -1.031, -0.548, +1.044, +0.583, -0.252, +0.409, +0.371, -0.510, +0.456, -0.105, -1.528, +0.539]

Computer 1: [+0.601, +0.178, -0.529, -0.190, -0.792, -0.045, -0.686, +0.234, -0.518, +0.557, -1.310, -0.026, -0.675, -0.571, +0.056, +1.065, -0.169, +0.249, -1.031, -0.491, +1.044, +0.784, -0.250, +0.409, +0.371, -0.510, +0.456, -0.105, -1.528, +0.539]
Computer 2: [+0.797, +0.165, -0.383, +0.048, -0.946, -0.045, -0.686, +0.234, -0.624, +0.726, -1.310, -0.026, -0.851, -0.627, +0.056, +1.065, -0.169, +0.196, -1.031, -0.548, +1.044, +0.583, -0.252, +0.409, +0.371, -0.510, +0.456, -0.105, -1.528, +0.577]

Computer 1: [+0.601, +0.178, -0.529, -0.190, -0.792, -0.045, -0.686, +0.234, -0.518, +0.557, -1.310, -0.026, -0.675, -0.571, +0.056, +1.065, -0.169, +0.249, -1.031, -0.491, +1.044, +0.784, -0.250, +0.409, +0.371, -0.510, +0.456, -0.105, -1.528, +0.539]
Computer 2: [+0.601, +0.178, -0.694, -0.190, -0.792, -0.124, -0.686, +0.234, -0.518, +0.457, -1.310, -0.078, -0.675, -0.571, +0.056, +1.084, -0.169, +0.249, -1.031, -0.491, +1.044, +1.002, -0.185, +0.300, +0.371, -0.510, +0.456, -0.273, -1.528, +0.539]

Computer 1: [+0.601, +0.178, -0.529, -0.190, -0.792, -0.045, -0.686, +0.234, -0.518, +0.557, -1.310, -0.026, -0.675, -0.571, +0.056, +1.065, -0.169, +0.249, -1.031, -0.491, +1.044, +0.784, -0.250, +0.409, +0.371, -0.510, +0.456, -0.105, -1.528, +0.539]
Computer 2: [+0.601, +0.178, -0.770, -0.190, -0.858, -0.330, -0.686, +0.043, -0.637, +0.457, -1.128, -0.078, -0.675, -0.657, +0.056, +1.084, -0.169, +0.249, -1.031, -0.247, +1.044, +1.002, -0.185, +0.300, +0.371, -0.407, +0.456, -0.313, -1.383, +0.539]

Computer 1: [+0.792, +0.178, -0.770, -0.018, -0.888, -0.330, -0.571, +0.043, -0.637, +0.457, -0.880, -0.078, -0.797, -0.660, +0.056, +1.084, -0.067, +0.249, -1.117, -0.247, +1.044, +0.851, -0.185, +0.300, +0.464, -0.411, +0.651, -0.313, -1.569, +0.539]
Computer 2: [+0.601, +0.178, -0.770, -0.190, -0.858, -0.330, -0.453, +0.043, -0.637, +0.457, -1.128, -0.299, -0.675, -0.657, +0.056, +1.084, -0.169, +0.249, -1.031, -0.472, +1.044, +1.002, -0.407, +0.362, +0.371, -0.238, +0.535, -0.204, -1.383, +0.539]

Computer 1: [+0.663, +0.178, -0.770, -0.018, -0.737, -0.565, -0.491, +0.176, -0.637, +0.457, -0.700, -0.078, -0.797, -0.751, +0.056, +1.084, -0.067, +0.112, -1.117, -0.247, +1.044, +0.851, -0.185, +0.300, +0.464, -0.411, +0.651, -0.099, -1.569, +0.539]
Computer 2: [+0.601, +0.178, -0.770, -0.190, -0.858, -0.330, -0.453, +0.043, -0.637, +0.457, -1.128, -0.299, -0.675, -0.657, +0.056, +1.084, -0.169, +0.249, -1.031, -0.472, +1.044, +1.002, -0.407, +0.362, +0.371, -0.238, +0.535, -0.204, -1.383, +0.539]

Computer 1: [+0.663, +0.178, -0.770, -0.018, -0.737, -0.565, -0.491, +0.176, -0.637, +0.457, -0.700, -0.078, -0.797, -0.751, +0.056, +1.084, -0.067, +0.112, -1.117, -0.247, +1.044, +0.851, -0.185, +0.300, +0.464, -0.411, +0.651, -0.099, -1.569, +0.539]
Computer 2: [+0.601, +0.245, -0.770, -0.190, -0.858, -0.330, -0.313, +0.043, -0.637, +0.457, -1.223, -0.299, -0.675, -0.565, +0.056, +1.237, -0.169, +0.489, -1.031, -0.472, +1.044, +1.002, -0.407, +0.362, +0.339, -0.238, +0.535, -0.204, -1.383, +0.539]

Computer 1: [+0.601, +0.245, -0.770, -0.190, -0.858, -0.330, -0.337, +0.043, -0.637, +0.457, -1.329, -0.299, -0.675, -0.565, +0.056, +1.237, -0.169, +0.489, -1.031, -0.472, +1.044, +1.002, -0.407, +0.362, +0.183, -0.238, +0.535, -0.204, -1.383, +0.539]
Computer 2: [+0.601, +0.245, -0.770, -0.190, -0.858, -0.330, -0.360, +0.043, -0.637, +0.457, -1.223, -0.299, -0.675, -0.565, +0.056, +1.237, -0.169, +0.489, -1.031, -0.472, +1.044, +1.233, -0.407, +0.362, +0.339, -0.238, +0.535, -0.204, -1.383, +0.539]

Computer 1: [+0.601, +0.245, -0.770, -0.190, -0.858, -0.330, -0.360, +0.043, -0.637, +0.457, -1.223, -0.299, -0.675, -0.565, +0.056, +1.237, -0.169, +0.489, -1.031, -0.472, +1.044, +1.233, -0.407, +0.362, +0.339, -0.238, +0.535, -0.204, -1.383, +0.539]
Computer 2: [+0.601, +0.245, -0.770, -0.190, -0.858, -0.330, -0.590, +0.043, -0.650, +0.457, -1.126, -0.354, -0.530, -0.565, +0.056, +1.237, -0.169, +0.489, -1.031, -0.472, +0.993, +1.233, -0.508, +0.362, +0.318, -0.238, +0.535, -0.204, -1.383, +0.539]

Computer 1: [+0.601, +0.245, -0.770, -0.001, -0.858, -0.330, -0.360, -0.062, -0.714, +0.372, -1.057, -0.299, -0.675, -0.520, +0.056, +1.237, -0.169, +0.489, -1.031, -0.605, +1.044, +1.233, -0.407, +0.362, +0.236, -0.238, +0.535, -0.131, -1.383, +0.539]
Computer 2: [+0.601, +0.245, -0.770, -0.190, -0.858, -0.330, -0.360, +0.043, -0.637, +0.457, -1.223, -0.299, -0.675, -0.565, +0.056, +1.237, -0.169, +0.489, -1.031, -0.472, +1.044, +1.233, -0.407, +0.362, +0.339, -0.238, +0.535, -0.204, -1.383, +0.539]

Computer 1: [+0.601, +0.245, -0.770, -0.001, -0.858, -0.330, -0.360, -0.193, -0.839, +0.372, -1.247, -0.299, -0.675, -0.307, +0.056, +1.237, -0.151, +0.489, -1.031, -0.605, +1.044, +1.233, -0.407, +0.362, +0.237, -0.238, +0.535, -0.131, -1.383, +0.539]
Computer 2: [+0.601, +0.304, -0.705, -0.001, -0.858, -0.330, -0.360, -0.062, -0.714, +0.372, -1.057, -0.299, -0.675, -0.422, +0.056, +1.372, -0.169, +0.510, -1.031, -0.605, +1.044, +1.233, -0.407, +0.362, +0.236, -0.238, +0.410, -0.131, -1.383, +0.297]

Computer 1: [+0.601, +0.245, -0.770, +0.194, -0.743, -0.330, -0.360, -0.083, -0.839, +0.372, -1.247, -0.299, -0.675, -0.307, +0.304, +1.237, -0.151, +0.489, -1.031, -0.605, +1.044, +1.233, -0.407, +0.362, +0.409, -0.267, +0.535, -0.131, -1.383, +0.539]
Computer 2: [+0.601, +0.245, -0.770, -0.001, -0.823, -0.330, -0.360, -0.296, -0.839, +0.372, -1.247, -0.299, -0.675, -0.307, +0.056, +1.237, -0.151, +0.333, -1.031, -0.605, +1.044, +1.233, -0.407, +0.320, +0.237, -0.471, +0.535, -0.131, -1.383, +0.539]

Computer 1: [+0.758, +0.245, -0.770, -0.001, -0.823, -0.330, -0.360, -0.430, -0.903, +0.372, -1.247, -0.299, -0.675, -0.307, +0.056, +1.237, -0.151, +0.333, -1.031, -0.605, +1.044, +1.233, -0.407, +0.320, +0.237, -0.471, +0.535, -0.131, -1.383, +0.539]
Computer 2: [+0.601, +0.245, -0.770, +0.194, -0.743, -0.330, -0.360, -0.083, -0.839, +0.372, -1.247, -0.299, -0.675, -0.307, +0.304, +1.237, -0.151, +0.489, -1.031, -0.605, +1.044, +1.233, -0.407, +0.362, +0.409, -0.267, +0.535, -0.131, -1.383, +0.539]

Computer 1: [+0.758, +0.245, -0.770, -0.001, -0.823, -0.330, -0.360, -0.430, -0.903, +0.372, -1.247, -0.299, -0.675, -0.307, +0.056, +1.237, -0.151, +0.333, -1.031, -0.605, +1.044, +1.233, -0.407, +0.320, +0.237, -0.471, +0.535, -0.131, -1.383, +0.539]
Computer 2: [+0.601, +0.245, -0.770, +0.389, -0.743, -0.330, -0.360, -0.164, -0.839, +0.372, -1.247, -0.299, -0.675, -0.307, +0.304, +1.237, -0.151, +0.489, -1.031, -0.359, +1.044, +1.233, -0.407, +0.362, +0.371, -0.246, +0.535, -0.131, -1.383, +0.539]

Computer 1: [+0.758, +0.245, -0.770, -0.001, -0.823, -0.330, -0.360, -0.430, -0.903, +0.372, -1.247, -0.299, -0.675, -0.307, +0.056, +1.237, -0.151, +0.333, -1.031, -0.605, +1.044, +1.233, -0.407, +0.320, +0.237, -0.471, +0.535, -0.131, -1.383, +0.539]
Computer 2: [+0.601, +0.245, -0.770, +0.389, -0.743, -0.330, -0.360, -0.164, -0.839, +0.372, -1.247, -0.299, -0.675, -0.307, +0.304, +1.237, -0.151, +0.489, -1.031, -0.359, +1.044, +1.233, -0.407, +0.362, +0.371, -0.246, +0.535, -0.131, -1.383, +0.539]

Computer 1: [+0.601, +0.245, -0.770, +0.389, -0.932, -0.330, -0.360, -0.164, -0.839, +0.281, -1.247, -0.299, -0.675, -0.439, +0.304, +1.237, -0.264, +0.489, -1.031, -0.126, +1.044, +1.233, -0.407, +0.248, +0.371, -0.062, +0.535, -0.235, -1.563, +0.539]
Computer 2: [+0.601, +0.245, -0.770, +0.389, -0.743, -0.330, -0.543, -0.164, -0.839, +0.372, -1.247, -0.299, -0.675, -0.307, +0.304, +1.237, -0.151, +0.489, -1.031, -0.359, +1.044, +1.233, -0.520, +0.316, +0.371, -0.204, +0.535, -0.131, -1.278, +0.692]

Computer 1: [+0.601, +0.245, -0.892, +0.389, -0.932, -0.330, -0.491, -0.164, -0.839, +0.281, -1.247, -0.071, -0.675, -0.485, +0.304, +1.237, -0.264, +0.489, -1.031, -0.126, +1.044, +1.017, -0.407, +0.248, +0.371, +0.143, +0.535, -0.235, -1.598, +0.539]
Computer 2: [+0.601, +0.245, -0.770, +0.389, -0.932, -0.330, -0.360, +0.044, -0.922, +0.281, -1.247, -0.299, -0.675, -0.558, +0.304, +1.319, -0.264, +0.246, -1.031, -0.367, +1.044, +1.233, -0.236, +0.248, +0.371, -0.062, +0.535, -0.235, -1.563, +0.539]

Computer 1: [+0.522, +0.271, -0.892, +0.389, -0.932, -0.330, -0.657, -0.164, -0.839, +0.493, -1.247, -0.071, -0.675, -0.485, +0.304, +1.237, -0.264, +0.489, -1.031, -0.126, +0.832, +1.017, -0.407, +0.248, +0.371, +0.143, +0.535, -0.139, -1.598, +0.539]
Computer 2: [+0.601, +0.245, -0.892, +0.389, -0.932, -0.330, -0.491, -0.164, -0.839, +0.281, -1.247, -0.071, -0.675, -0.485, +0.304, +1.237, -0.264, +0.489, -1.031, -0.126, +1.044, +1.017, -0.407, +0.248, +0.371, +0.143, +0.535, -0.235, -1.598, +0.539]

Computer 1: [+0.522, +0.199, -0.892, +0.389, -0.932, -0.398, -0.657, -0.164, -0.839, +0.493, -1.247, -0.071, -0.675, -0.485, +0.304, +1.237, -0.264, +0.489, -1.031, -0.282, +0.832, +1.017, -0.407, +0.248, +0.371, +0.143, +0.535, -0.139, -1.598, +0.539]
Computer 2: [+0.601, +0.245, -0.693, +0.623, -0.932, -0.330, -0.507, -0.164, -0.749, +0.281, -1.247, +0.143, -0.675, -0.485, +0.304, +1.237, -0.377, +0.489, -1.031, -0.126, +1.044, +1.225, -0.407, +0.248, +0.313, +0.143, +0.535, -0.235, -1.598, +0.539]

Computer 1: [+0.601, +0.245, -0.693, +0.623, -0.932, -0.330, -0.273, -0.164, -0.749, +0.281, -1.349, +0.386, -0.675, -0.485, +0.355, +1.237, -0.377, +0.489, -1.031, -0.126, +1.044, +1.114, -0.407, +0.250, +0.313, +0.143, +0.535, -0.235, -1.832, +0.539]
Computer 2: [+0.522, +0.199, -0.892, +0.517, -0.932, -0.397, -0.776, -0.164, -0.839, +0.493, -1.247, +0.106, -0.880, -0.485, +0.304, +1.237, -0.264, +0.489, -1.031, -0.282, +0.832, +1.124, -0.407, +0.248, +0.371, +0.143, +0.462, -0.139, -1.449, +0.539]
