
Computer 1: [+0.406, -0.568, +0.808, -0.960, +0.187, -0.289, +0.922, +0.415, -0.832, +0.563, -0.050, +0.574, -0.733, -0.800, -0.912, +0.557, +0.951, -0.093, +0.264, +0.707, -0.594, +0.393, +0.023, -0.748, -0.659, +0.878, +0.437, +0.953, +0.830, +0.072]
Computer 2: [-0.168, -0.841, +0.313, +0.651, +0.999, +0.532, -0.573, +0.709, -0.746, -0.103, -0.331, +0.724, -0.774, -0.786, -0.888, +0.049, -0.433, -0.505, +0.290, +0.650, +0.917, -0.355, +0.254, +0.900, +0.410, -0.336, +0.322, +0.595, -0.245, -0.562]

Computer 1: [+0.406, -0.685, +0.808, -0.960, +0.187, -0.289, +0.922, +0.415, -0.612, +0.563, -0.050, +0.574, -0.620, -0.800, -0.836, +0.649, +0.951, -0.093, +0.264, +0.745, -0.682, +0.212, +0.070, -0.748, -0.515, +0.878, +0.437, +0.953, +0.949, +0.072]
Computer 2: [+0.372, -0.568, +0.808, -0.716, +0.187, -0.289, +0.922, +0.415, -0.832, +0.422, -0.050, +0.574, -0.733, -0.800, -0.912, +0.557, +0.843, -0.093, +0.264, +0.657, -0.594, +0.393, +0.107, -0.748, -0.659, +0.878, +0.352, +0.953, +0.830, +0.072]

Computer 1: [+0.372, -0.568, +0.808, -0.716, +0.187, -0.289, +0.922, +0.361, -0.699, +0.422, -0.056, +0.574, -0.733, -0.800, -0.912, +0.662, +0.646, -0.093, +0.264, +0.426, -0.594, +0.267, +0.107, -0.667, -0.659, +0.878, +0.382, +0.953, +0.830, +0.072]
Computer 2: [+0.406, -0.685, +0.808, -0.960, +0.187, -0.289, +0.922, +0.415, -0.612, +0.563, -0.050, +0.574, -0.620, -0.800, -0.836, +0.766, +0.951, -0.093, +0.264, +0.745, -0.838, +0.212, +0.070, -0.748, -0.431, +1.047, +0.437, +0.953, +0.949, +0.072]

Computer 1: [+0.406, -0.685, +0.808, -0.960, +0.187, -0.289, +0.922, +0.415, -0.612, +0.563, -0.050, +0.574, -0.620, -0.800, -0.836, +0.766, +0.951, -0.093, +0.264, +0.745, -0.838, +0.212, +0.070, -0.748, -0.431, +1.047, +0.437, +0.953, +0.949, +0.072]
Computer 2: [+0.372, -0.568, +0.808, -0.716, +0.187, -0.289, +0.922, +0.361, -0.699, +0.422, -0.056, +0.574, -0.733, -0.800, -0.912, +0.662, +0.646, -0.093, +0.264, +0.426, -0.594, +0.267, +0.107, -0.667, -0.659, +0.878, +0.382, +0.953, +0.830, +0.072]

Computer 1: [+0.372, -0.568, +0.808, -0.716, +0.187, -0.289, +0.922, +0.361, -0.699, +0.422, -0.056, +0.574, -0.733, -0.800, -0.912, +0.662, +0.646, -0.093, +0.264, +0.426, -0.594, +0.267, +0.107, -0.667, -0.659, +0.878, +0.382, +0.953, +0.830, +0.072]
Computer 2: [+0.406, -0.685, +0.808, -0.960, +0.187, -0.289, +0.922, +0.415, -0.612, +0.563, -0.050, +0.574, -0.620, -0.800, -0.836, +0.766, +0.951, -0.093, +0.264, +0.745, -0.838, +0.212, +0.070, -0.748, -0.431, +1.047, +0.437, +0.953, +0.949, +0.072]

Computer 1: [+0.406, -0.685, +0.808, -0.960, +0.187, -0.289, +0.922, +0.415, -0.612, +0.563, -0.050, +0.574, -0.620, -0.800, -0.836, +0.766, +0.951, -0.093, +0.264, +0.745, -0.838, +0.212, +0.070, -0.748, -0.431, +1.047, +0.437, +0.953, +0.949, +0.072]
Computer 2: [+0.224, -0.685, +0.808, -0.960, +0.187, -0.289, +0.922, +0.415, -0.612, +0.563, +0.073, +0.517, -0.620, -0.800, -0.836, +0.766, +0.951, -0.093, +0.264, +0.745, -0.838, +0.122, +0.070, -0.748, -0.431, +1.101, +0.537, +0.953, +0.949, +0.072]

Computer 1: [+0.224, -0.685, +0.961, -0.960, +0.187, -0.289, +0.922, +0.456, -0.612, +0.563, +0.073, +0.517, -0.768, -0.843, -0.836, +0.766, +0.951, -0.278, +0.193, +0.745, -0.838, +0.122, +0.070, -0.868, -0.431, +1.101, +0.537, +0.953, +0.855, +0.072]
Computer 2: [+0.224, -0.685, +0.808, -0.960, +0.187, -0.289, +0.922, +0.415, -0.612, +0.563, +0.073, +0.517, -0.620, -0.800, -0.836, +0.766, +0.951, -0.093, +0.264, +0.745, -0.838, +0.122, +0.070, -0.748, -0.431, +1.101, +0.537, +0.953, +0.949, +0.072]

Computer 1: [+0.224, -0.685, +0.961, -0.960, +0.187, -0.289, +0.922, +0.456, -0.612, +0.563, +0.073, +0.517, -0.768, -0.843, -0.836, +0.766, +0.951, -0.278, +0.193, +0.745, -0.838, +0.122, +0.070, -0.868, -0.431, +1.101, +0.537, +0.953, +0.855, +0.072]
Computer 2: [+0.224, -0.653, +0.808, -0.960, +0.187, -0.289, +0.955, +0.415, -0.612, +0.563, -0.081, +0.595, -0.797, -0.729, -0.836, +0.766, +1.012, -0.093, +0.264, +0.630, -0.838, +0.122, +0.070, -0.792, -0.431, +1.101, +0.537, +0.953, +0.949, +0.072]

Computer 1: [+0.284, -0.199, +0.286, -0.847, -0.040, +0.503, -0.137, +0.727, -0.459, +0.998, +0.484, -0.953, -0.098, +0.198, -0.574, +0.596, -0.466, +0.013, +0.760, +0.380, +0.968, +0.866, +0.067, -0.746, -0.620, -0.655, +0.550, +0.502, -0.343, +0.720]
Computer 2: [+0.224, -0.685, +0.961, -0.960, +0.187, -0.289, +0.922, +0.456, -0.612, +0.563, +0.073, +0.517, -0.768, -0.843, -0.836, +0.766, +0.951, -0.278, +0.193, +0.745, -0.838, +0.122, +0.070, -0.868, -0.431, +1.101, +0.537, +0.953, +0.855, +0.072]

Computer 1: [+0.284, -0.199, +0.286, -0.847, -0.040, +0.503, -0.137, +0.727, -0.459, +0.998, +0.484, -0.953, -0.098, +0.198, -0.574, +0.596, -0.466, +0.013, +0.760, +0.380, +0.968, +0.866, +0.067, -0.746, -0.620, -0.655, +0.550, +0.502, -0.343, +0.720]
Computer 2: [+0.284, -0.347, +0.286, -0.847, -0.040, +0.503, -0.137, +0.727, -0.709, +0.998, +0.484, -0.953, -0.098, +0.430, -0.574, +0.596, -0.647, -0.190, +0.544, +0.380, +0.722, +1.063, +0.067, -0.746, -0.620, -0.655, +0.550, +0.257, -0.343, +0.720]

Computer 1: [+0.284, -0.134, +0.286, -0.847, -0.254, +0.503, -0.137, +0.727, -0.709, +0.998, +0.484, -0.953, -0.098, +0.567, -0.574, +0.596, -0.647, -0.103, +0.544, +0.380, +0.722, +1.063, +0.067, -0.663, -0.620, -0.752, +0.550, +0.257, -0.343, +0.720]
Computer 2: [+0.220, -0.347, +0.286, -0.847, -0.050, +0.503, -0.137, +0.727, -0.709, +0.998, +0.484, -0.953, -0.098, +0.430, -0.574, +0.596, -0.647, -0.190, +0.544, +0.380, +0.722, +1.063, +0.067, -0.746, -0.620, -0.655, +0.664, +0.257, -0.343, +0.949]

Computer 1: [+0.907, +0.754, +0.665, +0.653, -0.326, -0.705, +0.086, +0.375, -0.635, +0.720, +0.089, +0.240, +0.163, +0.107, +0.370, +0.707, -0.526, -0.872, -0.664, -0.430, +0.753, +0.515, -0.250, -0.385, +0.996, -0.745, +0.091, +0.263, -0.875, -0.676]
Computer 2: [+0.890, +0.238, -0.991, +0.718, -0.613, +0.086, +0.777, -0.011, -0.403, +0.070, +0.044, +0.670, -0.499, -0.203, -0.357, +0.429, -0.019, +0.351, +0.111, +0.404, -0.578, +0.018, +0.808, +0.024, -0.002, +0.607, +0.273, -0.489, -0.244, -0.365]

Computer 1: [+1.131, +0.617, +0.665, +0.677, -0.326, -0.705, +0.086, +0.555, -0.635, +0.813, +0.201, +0.240, -0.038, +0.107, +0.370, +0.845, -0.426, -0.872, -0.664, -0.430, +0.753, +0.515, -0.250, -0.385, +0.996, -0.622, +0.091, +0.263, -0.778, -0.676]
Computer 2: [+0.907, +0.661, +0.665, +0.738, -0.413, -0.897, +0.086, +0.375, -0.635, +0.720, +0.089, +0.240, +0.163, +0.100, +0.370, +0.707, -0.526, -0.771, -0.664, -0.430, +0.753, +0.384, -0.250, -0.385, +0.996, -0.576, +0.091, +0.263, -0.875, -0.676]

Computer 1: [+1.131, +0.617, +0.665, +0.677, -0.326, -0.705, +0.086, +0.555, -0.635, +0.813, +0.031, +0.240, -0.038, +0.107, +0.370, +0.698, -0.426, -0.872, -0.664, -0.659, +0.753, +0.515, -0.250, -0.385, +0.996, -0.622, +0.091, +0.263, -0.778, -0.676]
Computer 2: [+1.131, +0.617, +0.665, +0.677, -0.326, -0.705, +0.086, +0.555, -0.635, +0.813, +0.201, +0.240, -0.038, +0.107, +0.370, +0.845, -0.426, -0.872, -0.664, -0.430, +0.753, +0.515, -0.250, -0.385, +0.996, -0.622, +0.091, +0.263, -0.778, -0.676]

Computer 1: [+1.131, +0.588, +0.665, +0.677, -0.326, -0.705, +0.250, +0.555, -0.635, +0.813, +0.073, +0.240, -0.212, +0.107, +0.392, +0.698, -0.426, -0.872, -0.664, -0.659, +0.753, +0.413, -0.250, -0.385, +0.996, -0.622, +0.091, +0.263, -0.778, -0.676]
Computer 2: [+1.131, +0.770, +0.665, +0.677, -0.401, -0.705, +0.086, +0.555, -0.635, +0.813, -0.198, +0.240, +0.140, +0.107, +0.370, +0.602, -0.426, -0.886, -0.772, -0.659, +0.753, +0.515, -0.250, -0.385, +0.996, -0.622, +0.091, +0.263, -0.778, -0.676]

Computer 1: [+1.131, +0.855, +0.665, +0.677, -0.401, -0.705, +0.086, +0.555, -0.565, +0.813, -0.198, +0.240, +0.140, +0.107, +0.370, +0.561, -0.426, -0.886, -0.772, -0.659, +0.805, +0.515, -0.250, -0.385, +0.996, -0.622, +0.091, +0.108, -0.778, -0.676]
Computer 2: [+1.199, +0.770, +0.665, +0.905, -0.401, -0.705, +0.086, +0.555, -0.635, +0.813, -0.198, +0.240, +0.140, +0.107, +0.370, +0.602, -0.426, -0.886, -0.772, -0.659, +0.753, +0.515, -0.250, -0.385, +0.996, -0.622, +0.086, +0.263, -0.734, -0.633]

Computer 1: [+1.199, +0.770, +0.665, +0.905, -0.401, -0.705, +0.086, +0.555, -0.635, +0.813, -0.198, +0.240, +0.140, +0.107, +0.370, +0.602, -0.426, -0.886, -0.772, -0.659, +0.753, +0.515, -0.250, -0.385, +0.996, -0.622, +0.086, +0.263, -0.734, -0.633]
Computer 2: [+1.199, +0.614, +0.858, +0.905, -0.401, -0.705, +0.086, +0.461, -0.500, +0.813, -0.198, +0.255, -0.039, +0.107, +0.370, +0.602, -0.426, -0.886, -0.772, -0.659, +0.753, +0.515, -0.151, -0.385, +0.996, -0.595, +0.086, +0.263, -0.728, -0.633]

Computer 1: [+1.199, +0.770, +0.665, +0.905, -0.401, -0.705, +0.086, +0.555, -0.635, +0.813, -0.198, +0.240, +0.140, +0.107, +0.370, +0.602, -0.426, -0.886, -0.772, -0.659, +0.753, +0.515, -0.250, -0.385, +0.996, -0.622, +0.086, +0.263, -0.734, -0.633]
Computer 2: [-0.062, +0.779, +0.394, +0.256, +0.272, -0.871, -0.191, +0.204, +0.861, +0.108, -0.967, -0.984, -0.805, +0.435, -0.142, +0.526, -0.920, +0.491, -0.338, +0.240, -0.759, +0.561, -0.957, -0.447, +0.470, -0.374, +0.496, +0.883, +0.122, +0.581]

Computer 1: [-0.062, +0.779, +0.394, +0.256, +0.272, -0.871, -0.191, +0.204, +0.861, +0.108, -0.967, -0.984, -0.805, +0.435, -0.142, +0.526, -0.920, +0.491, -0.338, +0.240, -0.759, +0.561, -0.957, -0.447, +0.470, -0.374, +0.496, +0.883, +0.122, +0.581]
Computer 2: [+0.032, +0.862, +0.374, +0.256, +0.272, -0.758, -0.191, +0.204, +0.861, +0.108, -0.967, -0.984, -0.805, +0.435, -0.301, +0.526, -1.099, +0.602, -0.338, +0.240, -0.571, +0.637, -0.957, -0.447, +0.470, -0.374, +0.496, +0.883, +0.122, +0.581]

Computer 1: [+0.032, +0.862, +0.185, +0.256, +0.512, -0.758, -0.191, +0.205, +0.861, -0.092, -0.967, -0.984, -1.049, +0.435, -0.301, +0.526, -1.099, +0.602, -0.338, +0.240, -0.571, +0.637, -0.957, -0.447, +0.704, -0.290, +0.496, +0.883, +0.122, +0.581]
Computer 2: [+0.032, +0.862, +0.374, +0.256, +0.272, -0.823, -0.191, +0.204, +0.861, +0.108, -0.967, -0.984, -0.805, +0.435, -0.301, +0.526, -1.099, +0.602, -0.338, +0.240, -0.571, +0.637, -0.957, -0.447, +0.470, -0.374, +0.496, +0.883, +0.122, +0.581]

Computer 1: [+0.032, +0.862, +0.185, +0.137, +0.356, -0.758, -0.191, +0.205, +0.861, -0.092, -0.759, -0.984, -1.049, +0.435, -0.301, +0.526, -1.099, +0.602, -0.338, +0.240, -0.571, +0.637, -0.867, -0.447, +0.704, -0.290, +0.496, +0.883, +0.122, +0.581]
Computer 2: [+0.032, +0.862, +0.184, +0.256, +0.512, -0.758, -0.300, +0.205, +0.861, +0.032, -0.967, -1.177, -1.049, +0.435, -0.301, +0.526, -1.099, +0.602, -0.338, +0.370, -0.571, +0.637, -0.766, -0.342, +0.704, -0.290, +0.380, +0.883, +0.122, +0.581]

Computer 1: [+0.032, +0.862, -0.013, +0.037, +0.512, -0.758, -0.300, +0.205, +0.861, +0.228, -0.967, -1.177, -1.049, +0.435, -0.301, +0.526, -1.099, +0.602, -0.586, +0.370, -0.571, +0.637, -0.887, -0.342, +0.890, -0.290, +0.381, +0.883, +0.338, +0.581]
Computer 2: [+0.032, +0.862, +0.184, +0.174, +0.357, -0.758, -0.300, +0.182, +0.861, +0.032, -0.967, -1.177, -0.950, +0.435, -0.301, +0.526, -1.099, +0.602, -0.338, +0.608, -0.571, +0.637, -0.766, -0.544, +0.704, -0.040, +0.231, +0.883, +0.122, +0.581]

Computer 1: [-0.065, +0.862, -0.013, +0.037, +0.512, -0.758, -0.300, +0.205, +0.993, +0.187, -0.967, -1.215, -1.049, +0.422, -0.446, +0.526, -1.230, +0.602, -0.586, +0.370, -0.571, +0.637, -0.887, -0.342, +0.890, -0.417, +0.381, +0.883, +0.338, +0.349]
Computer 2: [+0.032, +1.017, +0.184, +0.174, +0.357, -0.884, -0.300, +0.182, +0.754, +0.116, -0.967, -1.177, -1.079, +0.435, -0.301, +0.423, -1.099, +0.602, -0.338, +0.608, -0.498, +0.637, -0.766, -0.633, +0.704, -0.040, +0.301, +0.883, +0.102, +0.581]

Computer 1: [-0.065, +0.778, +0.164, +0.194, +0.512, -0.789, -0.300, +0.205, +1.214, +0.038, -0.967, -1.323, -0.901, +0.422, -0.446, +0.526, -1.230, +0.602, -0.586, +0.370, -0.571, +0.774, -0.887, -0.342, +0.890, -0.417, +0.250, +0.883, +0.338, +0.349]
Computer 2: [-0.065, +0.862, -0.013, +0.037, +0.435, -0.758, -0.256, +0.205, +0.993, +0.187, -1.069, -1.215, -1.049, +0.422, -0.446, +0.526, -1.230, +0.602, -0.586, +0.370, -0.571, +0.637, -0.676, -0.342, +1.029, -0.417, +0.381, +0.713, +0.338, +0.349]

Computer 1: [+0.113, +0.739, -0.013, +0.037, +0.550, -0.758, -0.256, +0.146, +0.932, +0.187, -1.069, -1.215, -1.049, +0.176, -0.446, +0.526, -1.230, +0.602, -0.586, +0.370, -0.571, +0.637, -0.676, -0.405, +1.029, -0.228, +0.381, +0.713, +0.338, +0.349]
Computer 2: [-0.065, +0.951, -0.013, +0.037, +0.435, -0.758, -0.256, +0.205, +0.993, +0.187, -1.069, -1.215, -1.049, +0.422, -0.446, +0.526, -1.230, +0.398, -0.511, +0.370, -0.571, +0.637, -0.676, -0.342, +0.848, -0.417, +0.381, +0.625, +0.338, +0.349]

Computer 1: [-0.026, +0.739, +0.097, +0.037, +0.550, -0.758, -0.256, +0.374, +0.932, +0.431, -1.069, -1.215, -1.049, +0.176, -0.446, +0.458, -1.230, +0.602, -0.586, +0.612, -0.571, +0.637, -0.676, -0.512, +1.105, -0.228, +0.381, +0.652, +0.338, +0.349]
Computer 2: [+0.113, +0.739, -0.013, +0.037, +0.550, -0.758, -0.256, +0.146, +0.932, +0.187, -1.069, -1.215, -1.049, +0.176, -0.446, +0.526, -1.230, +0.602, -0.586, +0.370, -0.571, +0.637, -0.676, -0.405, +1.029, -0.228, +0.381, +0.713, +0.338, +0.349]

Computer 1: [-0.026, +0.492, +0.097, +0.037, +0.550, -0.758, -0.256, +0.374, +0.932, +0.431, -1.196, -1.215, -1.049, +0.176, -0.446, +0.458, -1.230, +0.602, -0.586, +0.612, -0.654, +0.637, -0.552, -0.424, +0.969, -0.228, +0.381, +0.652, +0.431, +0.349]
Computer 2: [-0.026, +0.739, +0.097, +0.037, +0.609, -0.758, -0.448, +0.492, +0.932, +0.566, -0.920, -1.215, -1.049, +0.176, -0.567, +0.458, -1.397, +0.602, -0.586, +0.612, -0.807, +0.637, -0.676, -0.512, +1.184, -0.228, +0.381, +0.652, +0.223, +0.349]

Computer 1: [-0.026, +0.739, +0.097, +0.037, +0.609, -0.758, -0.448, +0.492, +1.029, +0.491, -0.920, -1.215, -1.049, +0.176, -0.714, +0.458, -1.397, +0.602, -0.586, +0.612, -0.815, +0.637, -0.676, -0.512, +1.184, -0.228, +0.568, +0.652, +0.097, +0.349]
Computer 2: [+0.114, +0.492, +0.097, +0.037, +0.394, -0.758, -0.256, +0.374, +0.867, +0.540, -1.196, -1.215, -1.049, +0.176, -0.446, +0.458, -1.230, +0.721, -0.586, +0.552, -0.654, +0.478, -0.552, -0.424, +0.969, -0.228, +0.144, +0.652, +0.431, +0.349]

Computer 1: [-0.026, +0.739, +0.180, +0.037, +0.609, -0.758, -0.448, +0.492, +1.029, +0.491, -0.920, -1.215, -0.866, +0.176, -0.714, +0.458, -1.366, +0.602, -0.586, +0.612, -0.815, +0.637, -0.676, -0.512, +1.429, -0.228, +0.746, +0.513, +0.097, +0.349]
Computer 2: [+0.114, +0.492, +0.248, +0.037, +0.394, -0.758, -0.256, +0.374, +0.867, +0.540, -1.196, -1.215, -1.049, +0.264, -0.446, +0.458, -1.230, +0.656, -0.586, +0.552, -0.799, +0.478, -0.658, -0.424, +0.969, -0.228, +0.144, +0.652, +0.431, +0.349]

Computer 1: [-0.026, +0.832, +0.180, +0.037, +0.678, -0.808, -0.643, +0.492, +0.984, +0.491, -1.099, -1.215, -0.866, +0.261, -0.714, +0.644, -1.366, +0.602, -0.586, +0.612, -0.956, +0.637, -0.676, -0.512, +1.246, -0.228, +0.746, +0.397, +0.051, +0.349]
Computer 2: [-0.026, +0.739, +0.180, +0.037, +0.609, -0.758, -0.448, +0.492, +1.029, +0.491, -0.920, -1.215, -0.866, +0.176, -0.714, +0.458, -1.366, +0.602, -0.586, +0.612, -0.815, +0.637, -0.676, -0.512, +1.429, -0.228, +0.746, +0.513, +0.097, +0.349]

Computer 1: [-0.026, +0.832, +0.180, +0.037, +0.587, -0.808, -0.597, +0.492, +1.211, +0.491, -1.099, -1.215, -0.866, +0.261, -0.714, +0.644, -1.366, +0.602, -0.518, +0.617, -1.081, +0.637, -0.676, -0.512, +1.246, -0.228, +0.561, +0.397, +0.051, +0.349]
Computer 2: [-0.026, +0.739, +0.273, +0.037, +0.609, -0.758, -0.448, +0.492, +1.029, +0.497, -0.920, -1.136, -0.866, +0.176, -0.714, +0.458, -1.489, +0.602, -0.705, +0.612, -0.701, +0.637, -0.676, -0.512, +1.506, -0.228, +0.746, +0.513, +0.097, +0.349]

Computer 1: [-0.026, +0.739, +0.273, +0.037, +0.609, -0.812, -0.254, +0.492, +1.029, +0.497, -0.920, -1.136, -0.866, +0.176, -0.714, +0.458, -1.489, +0.602, -0.705, +0.612, -0.701, +0.689, -0.642, -0.512, +1.300, -0.228, +0.746, +0.513, +0.097, +0.349]
Computer 2: [-0.026, +0.739, +0.273, +0.253, +0.609, -0.758, -0.448, +0.366, +1.029, +0.497, -0.920, -1.309, -0.772, +0.176, -0.786, +0.245, -1.489, +0.602, -0.705, +0.821, -0.701, +0.637, -0.676, -0.512, +1.506, -0.228, +0.746, +0.618, +0.097, +0.349]

Computer 1: [+0.171, +0.674, +0.273, +0.253, +0.609, -0.758, -0.448, +0.366, +1.029, +0.497, -0.920, -1.309, -0.772, +0.176, -0.870, +0.245, -1.489, +0.602, -0.705, +0.821, -0.701, +0.637, -0.676, -0.512, +1.506, -0.228, +0.746, +0.755, +0.311, +0.349]
Computer 2: [-0.026, +0.739, +0.273, +0.037, +0.609, -0.812, -0.254, +0.678, +1.029, +0.497, -0.855, -1.136, -0.866, +0.176, -0.714, +0.458, -1.327, +0.563, -0.705, +0.741, -0.701, +0.689, -0.642, -0.512, +1.300, -0.340, +0.746, +0.513, +0.100, +0.349]

Computer 1: [+0.171, +0.674, +0.273, +0.253, +0.707, -0.758, -0.448, +0.366, +1.029, +0.497, -0.920, -1.309, -0.548, +0.176, -0.870, +0.245, -1.489, +0.602, -0.705, +0.821, -0.701, +0.637, -0.676, -0.512, +1.459, -0.228, +0.746, +0.913, +0.311, +0.349]
Computer 2: [-0.067, +0.739, +0.273, +0.037, +0.609, -0.812, -0.254, +0.676, +1.029, +0.497, -0.855, -1.136, -0.866, -0.050, -0.714, +0.464, -1.327, +0.563, -0.705, +0.741, -0.565, +0.689, -0.642, -0.512, +1.495, -0.340, +0.651, +0.267, +0.100, +0.349]

Computer 1: [+0.300, +0.674, +0.273, +0.253, +0.955, -0.758, -0.448, +0.366, +1.029, +0.497, -0.920, -1.309, -0.548, +0.176, -0.870, +0.245, -1.489, +0.618, -0.705, +0.821, -0.609, +0.637, -0.676, -0.512, +1.459, -0.228, +0.746, +0.913, +0.280, +0.349]
Computer 2: [+0.171, +0.674, +0.273, +0.253, +0.707, -0.758, -0.448, +0.417, +1.085, +0.404, -0.920, -1.309, -0.548, +0.176, -0.870, +0.245, -1.489, +0.602, -0.705, +0.821, -0.701, +0.637, -0.676, -0.602, +1.459, -0.148, +0.746, +0.913, +0.311, +0.349]

Computer 1: [+0.300, +0.702, +0.273, +0.253, +1.100, -0.758, -0.448, +0.366, +1.029, +0.497, -0.920, -1.309, -0.548, +0.176, -0.870, +0.300, -1.489, +0.618, -0.705, +0.821, -0.609, +0.637, -0.875, -0.512, +1.459, -0.228, +0.746, +0.913, +0.057, +0.195]
Computer 2: [+0.300, +0.674, +0.273, +0.253, +0.955, -0.758, -0.615, +0.366, +1.029, +0.497, -1.048, -1.523, -0.548, +0.176, -0.870, +0.245, -1.408, +0.618, -0.705, +0.949, -0.609, +0.637, -0.676, -0.512, +1.459, -0.228, +0.746, +0.913, +0.280, +0.495]

Computer 1: [+0.533, +0.674, +0.273, +0.253, +0.955, -0.758, -0.615, +0.323, +1.029, +0.497, -1.187, -1.523, -0.512, +0.104, -0.870, +0.245, -1.408, +0.826, -0.705, +0.949, -0.609, +0.637, -0.676, -0.512, +1.459, -0.228, +0.746, +0.913, +0.280, +0.495]
Computer 2: [+0.300, +0.702, +0.273, +0.253, +1.100, -0.758, -0.448, +0.366, +1.029, +0.497, -0.920, -1.309, -0.548, +0.176, -0.870, +0.300, -1.489, +0.618, -0.705, +0.821, -0.609, +0.637, -0.875, -0.512, +1.459, -0.228, +0.746, +0.913, +0.057, +0.195]

Computer 1: [+0.502, +0.702, +0.273, +0.253, +0.868, -0.758, -0.448, +0.366, +1.029, +0.497, -1.037, -1.502, -0.548, +0.176, -0.870, +0.300, -1.554, +0.618, -0.705, +0.821, -0.618, +0.778, -1.101, -0.512, +1.459, -0.228, +0.939, +0.913, +0.250, +0.012]
Computer 2: [+0.533, +0.674, +0.273, +0.253, +0.955, -0.758, -0.615, +0.323, +1.029, +0.497, -1.187, -1.632, -0.737, +0.104, -0.969, +0.245, -1.559, +0.826, -0.705, +0.949, -0.604, +0.637, -0.676, -0.512, +1.459, -0.327, +0.746, +0.913, +0.138, +0.407]

Computer 1: [+0.502, +0.702, +0.273, +0.253, +0.868, -0.758, -0.448, +0.366, +1.029, +0.497, -1.037, -1.502, -0.548, -0.035, -0.870, +0.300, -1.554, +0.858, -0.478, +0.821, -0.618, +0.778, -1.343, -0.512, +1.459, -0.228, +0.747, +0.913, +0.250, +0.012]
Computer 2: [+0.502, +0.702, +0.273, +0.344, +0.868, -0.741, -0.403, +0.366, +1.029, +0.497, -1.042, -1.745, -0.548, +0.176, -0.870, +0.300, -1.355, +0.618, -0.531, +0.951, -0.618, +0.778, -1.101, -0.512, +1.459, -0.372, +0.877, +1.089, +0.250, -0.028]

Computer 1: [+0.502, +0.702, +0.273, +0.253, +0.868, -0.758, -0.608, +0.366, +1.029, +0.497, -1.037, -1.502, -0.548, -0.035, -0.870, +0.300, -1.554, +0.858, -0.478, +0.821, -0.618, +0.778, -1.343, -0.512, +1.705, -0.228, +0.747, +0.913, +0.250, +0.012]
Computer 2: [+0.502, +0.702, +0.273, +0.344, +0.868, -0.741, -0.403, +0.366, +1.029, +0.616, -1.042, -1.745, -0.409, +0.176, -0.870, +0.399, -1.369, +0.773, -0.693, +0.951, -0.606, +0.847, -1.101, -0.512, +1.607, -0.372, +0.877, +1.089, +0.409, -0.028]

Computer 1: [-0.046, +0.451, +0.919, -0.558, -0.312, -0.751, +0.292, +0.880, -0.637, +0.855, +0.994, -0.627, -0.065, -0.326, -0.593, -0.097, -0.147, +0.261, -0.403, +0.455, -0.917, +0.933, +0.340, -0.494, -0.163, +0.616, +0.015, +0.392, -0.510, +0.955]
Computer 2: [+0.502, +0.948, +0.273, +0.344, +0.868, -0.741, -0.403, +0.366, +0.961, +0.616, -1.042, -1.508, -0.409, +0.031, -0.697, +0.399, -1.206, +0.773, -0.913, +0.951, -0.468, +0.847, -1.101, -0.512, +1.607, -0.135, +0.877, +1.089, +0.409, -0.168]

Computer 1: [-0.046, +0.451, +0.919, -0.558, -0.312, -0.751, +0.292, +0.880, -0.637, +0.855, +0.994, -0.627, -0.065, -0.326, -0.593, -0.097, -0.147, +0.261, -0.403, +0.455, -0.917, +0.933, +0.340, -0.494, -0.163, +0.616, +0.015, +0.392, -0.510, +0.955]
Computer 2: [-0.163, +0.451, +0.919, -0.558, -0.312, -0.751, +0.292, +1.081, -0.637, +0.855, +0.994, -0.627, -0.123, -0.243, -0.593, -0.093, -0.147, +0.261, -0.177, +0.455, -0.917, +0.933, +0.558, -0.693, -0.163, +0.616, -0.178, +0.382, -0.632, +0.955]

Computer 1: [-0.046, +0.451, +0.919, -0.558, -0.312, -0.751, +0.292, +0.880, -0.637, +0.855, +0.994, -0.627, -0.065, -0.326, -0.593, -0.097, -0.147, +0.261, -0.403, +0.455, -0.917, +0.933, +0.340, -0.494, -0.163, +0.616, +0.015, +0.392, -0.510, +0.955]
Computer 2: [-0.195, +0.451, +0.919, -0.718, -0.312, -0.751, +0.145, +0.880, -0.637, +0.855, +0.994, -0.837, -0.065, -0.400, -0.385, -0.097, -0.147, +0.261, -0.403, +0.584, -0.917, +0.723, +0.340, -0.411, -0.163, +0.616, +0.015, +0.392, -0.567, +0.815]

Computer 1: [-0.195, +0.451, +0.919, -0.718, -0.312, -0.751, +0.145, +0.880, -0.637, +0.855, +0.994, -0.837, -0.065, -0.400, -0.385, -0.097, -0.147, +0.261, -0.403, +0.584, -0.917, +0.723, +0.340, -0.411, -0.163, +0.616, +0.015, +0.392, -0.567, +0.815]
Computer 2: [-0.046, +0.451, +0.919, -0.558, -0.312, -0.751, +0.292, +0.880, -0.637, +0.855, +0.994, -0.627, -0.065, -0.326, -0.593, -0.097, -0.147, +0.261, -0.403, +0.455, -0.917, +0.933, +0.340, -0.494, -0.163, +0.616, +0.015, +0.392, -0.510, +0.955]

Computer 1: [-0.046, +0.451, +0.919, -0.558, -0.312, -0.751, +0.292, +0.880, -0.637, +0.855, +0.936, -0.627, -0.065, -0.326, -0.593, -0.299, -0.147, +0.261, -0.403, +0.455, -0.917, +0.886, +0.340, -0.494, -0.163, +0.616, +0.015, +0.392, -0.510, +0.955]
Computer 2: [-0.046, +0.451, +0.919, -0.558, -0.312, -0.751, +0.292, +0.880, -0.637, +0.855, +0.994, -0.627, -0.065, -0.326, -0.593, -0.097, -0.147, +0.261, -0.403, +0.455, -0.917, +0.933, +0.340, -0.494, -0.163, +0.616, +0.015, +0.392, -0.510, +0.955]

Computer 1: [-0.046, +0.451, +0.919, -0.558, -0.312, -0.751, +0.292, +0.880, -0.637, +0.855, +0.936, -0.627, -0.065, -0.326, -0.593, -0.299, -0.147, +0.261, -0.403, +0.455, -0.917, +0.886, +0.340, -0.494, -0.163, +0.616, +0.015, +0.392, -0.510, +0.955]
Computer 2: [-0.046, +0.451, +0.919, -0.558, -0.312, -0.751, +0.292, +0.880, -0.637, +0.855, +0.994, -0.627, -0.065, -0.326, -0.593, -0.097, -0.147, +0.261, -0.403, +0.455, -0.917, +0.933, +0.340, -0.494, -0.163, +0.616, +0.015, +0.392, -0.510, +0.955]

Computer 1: [-0.046, +0.451, +0.919, -0.558, -0.312, -0.751, +0.292, +0.880, -0.637, +0.855, +0.936, -0.627, -0.065, -0.326, -0.593, -0.299, -0.147, +0.261, -0.403, +0.455, -0.917, +0.886, +0.340, -0.494, -0.163, +0.616, +0.015, +0.392, -0.510, +0.955]
Computer 2: [-0.046, +0.451, +0.919, -0.558, -0.312, -0.751, +0.292, +0.880, -0.637, +0.855, +0.994, -0.627, -0.065, -0.326, -0.593, -0.097, -0.147, +0.261, -0.403, +0.455, -0.917, +0.933, +0.340, -0.494, -0.163, +0.616, +0.015, +0.392, -0.510, +0.955]

Computer 1: [-0.046, +0.451, +0.919, -0.558, -0.312, -0.731, +0.515, +0.890, -0.461, +0.855, +0.936, -0.627, -0.065, -0.326, -0.593, -0.299, -0.147, +0.261, -0.403, +0.455, -0.917, +1.037, +0.099, -0.494, -0.320, +0.616, +0.015, +0.392, -0.510, +0.975]
Computer 2: [+0.615, -0.322, +0.342, +0.367, -0.967, -0.809, +0.287, -0.242, +0.647, +0.029, -0.448, +0.213, -0.086, -0.276, -0.725, +0.868, -0.687, +0.355, -0.586, +0.067, -0.997, +0.190, -0.474, +0.575, +0.755, +0.275, -0.207, -0.798, +0.527, -0.267]

Computer 1: [-0.046, +0.451, +0.919, -0.558, -0.312, -0.731, +0.515, +0.890, -0.461, +0.855, +0.936, -0.430, -0.065, -0.326, -0.593, -0.299, -0.097, +0.261, -0.403, +0.455, -0.917, +1.037, +0.099, -0.494, -0.320, +0.616, +0.015, +0.392, -0.510, +0.975]
Computer 2: [-0.046, +0.451, +0.919, -0.558, -0.312, -0.731, +0.515, +0.890, -0.461, +0.855, +0.936, -0.627, -0.065, -0.326, -0.593, -0.299, -0.147, +0.261, -0.403, +0.455, -0.917, +1.037, +0.099, -0.494, -0.320, +0.616, +0.015, +0.392, -0.510, +0.975]

Computer 1: [-0.046, +0.627, +0.919, -0.558, -0.312, -0.731, +0.739, +0.860, -0.461, +0.855, +0.936, -0.627, -0.065, -0.326, -0.593, -0.349, -0.147, +0.261, -0.403, +0.455, -0.917, +0.838, +0.099, -0.494, -0.320, +0.616, +0.015, +0.410, -0.510, +1.077]
Computer 2: [-0.046, +0.451, +0.919, -0.558, -0.312, -0.731, +0.515, +0.890, -0.461, +0.855, +0.936, -0.430, -0.065, -0.326, -0.593, -0.299, -0.097, +0.261, -0.403, +0.455, -0.917, +1.037, +0.099, -0.494, -0.320, +0.616, +0.015, +0.392, -0.510, +0.975]

Computer 1: [+0.108, +0.627, +0.919, -0.558, -0.302, -0.522, +0.739, +0.713, -0.461, +0.780, +0.936, -0.627, -0.065, -0.334, -0.593, -0.349, -0.147, +0.359, -0.409, +0.455, -0.917, +0.600, +0.099, -0.494, -0.320, +0.616, +0.015, +0.485, -0.510, +1.211]
Computer 2: [-0.046, +0.607, +0.785, -0.558, -0.312, -0.555, +0.519, +0.890, -0.461, +1.040, +0.936, -0.460, -0.065, -0.326, -0.593, -0.299, -0.097, +0.261, -0.403, +0.341, -0.917, +1.037, -0.062, -0.494, -0.320, +0.616, +0.015, +0.392, -0.510, +0.975]

Computer 1: [-0.046, +0.607, +0.785, -0.558, -0.312, -0.555, +0.519, +0.890, -0.461, +1.040, +0.936, -0.460, -0.065, -0.326, -0.593, -0.299, -0.097, +0.261, -0.403, +0.341, -0.917, +1.037, -0.062, -0.494, -0.320, +0.616, +0.015, +0.392, -0.510, +0.975]
Computer 2: [+0.108, +0.627, +0.919, -0.558, -0.302, -0.522, +0.739, +0.713, -0.461, +0.780, +0.936, -0.627, -0.065, -0.580, -0.403, -0.349, -0.147, +0.359, -0.409, +0.455, -0.882, +0.803, +0.099, -0.494, -0.320, +0.479, -0.098, +0.569, -0.510, +1.211]

Computer 1: [+0.108, +0.627, +0.919, -0.558, -0.181, -0.522, +0.739, +0.713, -0.461, +0.876, +0.936, -0.627, -0.162, -0.580, -0.326, -0.589, -0.147, +0.359, -0.409, +0.455, -0.882, +0.593, +0.099, -0.494, -0.320, +0.442, -0.216, +0.710, -0.506, +1.211]
Computer 2: [-0.046, +0.607, +0.785, -0.558, -0.312, -0.555, +0.519, +0.890, -0.461, +1.040, +0.936, -0.460, -0.065, -0.326, -0.593, -0.299, -0.097, +0.261, -0.403, +0.341, -0.917, +1.037, -0.062, -0.494, -0.320, +0.616, +0.015, +0.392, -0.510, +0.975]

Computer 1: [-0.046, +0.607, +0.785, -0.558, -0.312, -0.555, +0.519, +0.890, -0.312, +1.040, +0.936, -0.460, -0.065, -0.326, -0.593, -0.157, -0.097, +0.438, -0.403, +0.216, -0.899, +1.037, -0.062, -0.494, -0.320, +0.616, +0.015, +0.217, -0.510, +0.975]
Computer 2: [-0.046, +0.607, +0.785, -0.558, -0.312, -0.555, +0.519, +0.890, -0.461, +1.040, +0.936, -0.460, -0.065, -0.326, -0.593, -0.299, -0.097, +0.261, -0.403, +0.341, -0.917, +1.037, -0.062, -0.494, -0.320, +0.616, +0.015, +0.392, -0.510, +0.975]

Computer 1: [-0.046, +0.607, +0.785, -0.558, -0.312, -0.555, +0.519, +0.890, -0.461, +1.040, +0.936, -0.460, -0.065, -0.326, -0.593, -0.299, -0.097, +0.261, -0.403, +0.341, -0.917, +1.037, -0.062, -0.494, -0.320, +0.616, +0.015, +0.392, -0.510, +0.975]
Computer 2: [-0.159, +0.722, +0.785, -0.776, -0.224, -0.555, +0.519, +0.890, -0.312, +1.096, +0.865, -0.460, -0.177, -0.326, -0.593, -0.157, -0.097, +0.514, -0.403, +0.216, -0.652, +1.037, -0.062, -0.494, -0.127, +0.616, +0.026, +0.217, -0.510, +0.975]

Computer 1: [-0.187, +0.607, +0.785, -0.497, -0.312, -0.555, +0.519, +0.890, -0.461, +1.040, +0.936, -0.460, -0.065, -0.363, -0.593, -0.299, -0.233, +0.082, -0.514, +0.341, -0.947, +1.037, -0.062, -0.279, -0.320, +0.616, +0.015, +0.392, -0.510, +0.975]
Computer 2: [-0.046, +0.607, +0.785, -0.403, -0.109, -0.555, +0.658, +0.890, -0.572, +1.040, +1.036, -0.460, +0.159, -0.326, -0.593, -0.299, -0.042, +0.261, -0.283, +0.341, -0.771, +1.037, -0.062, -0.494, -0.140, +0.634, +0.042, +0.179, -0.510, +0.975]

Computer 1: [-0.046, +0.607, +0.785, -0.403, -0.109, -0.555, +0.658, +0.890, -0.572, +1.235, +1.036, -0.460, +0.159, -0.326, -0.593, -0.299, -0.166, +0.261, -0.404, +0.572, -0.771, +1.037, -0.062, -0.432, -0.140, +0.634, -0.090, +0.179, -0.510, +0.975]
Computer 2: [-0.046, +0.607, +0.785, -0.403, -0.109, -0.555, +0.658, +0.890, -0.572, +1.040, +1.036, -0.460, +0.159, -0.326, -0.593, -0.299, -0.042, +0.261, -0.283, +0.341, -0.771, +1.037, -0.062, -0.494, -0.140, +0.634, +0.042, +0.179, -0.510, +0.975]

Computer 1: [-0.046, +0.607, +0.785, -0.455, +0.002, -0.555, +0.749, +1.066, -0.572, +0.811, +1.036, -0.460, +0.159, -0.326, -0.375, -0.393, -0.042, +0.249, -0.283, +0.341, -0.771, +1.263, -0.062, -0.494, -0.140, +0.634, -0.006, +0.332, -0.510, +0.975]
Computer 2: [-0.046, +0.607, +0.785, -0.403, -0.109, -0.555, +0.658, +0.890, -0.572, +1.040, +1.036, -0.460, +0.159, -0.326, -0.593, -0.299, -0.042, +0.261, -0.283, +0.341, -0.771, +1.037, -0.062, -0.494, -0.140, +0.634, +0.042, +0.179, -0.510, +0.975]

Computer 1: [+0.971, -0.615, +0.969, +0.386, -0.620, -0.019, -0.678, -0.441, +0.932, +0.502, -0.931, -0.145, -0.086, -0.820, -0.639, +0.313, -0.033, -0.433, +0.752, -0.806, +0.656, +0.926, +0.557, -0.458, +0.440, -0.840, +0.118, +0.165, +0.580, +0.061]
Computer 2: [-0.046, +0.607, +0.785, -0.401, +0.002, -0.701, +0.749, +1.184, -0.572, +0.811, +1.036, -0.460, +0.159, -0.326, -0.375, -0.393, -0.042, +0.249, -0.283, +0.332, -0.771, +1.263, -0.062, -0.494, -0.140, +0.634, -0.006, +0.332, -0.510, +0.975]

Computer 1: [+0.971, -0.615, +0.823, +0.386, -0.710, -0.019, -0.678, -0.191, +0.932, +0.502, -0.931, -0.284, -0.086, -0.938, -0.721, +0.313, -0.282, -0.520, +0.752, -0.806, +0.656, +0.926, +0.557, -0.458, +0.360, -0.840, +0.118, +0.165, +0.580, +0.283]
Computer 2: [+1.022, -0.811, +0.969, +0.263, -0.620, +0.021, -0.678, -0.441, +0.932, +0.502, -0.931, -0.145, -0.086, -0.820, -0.639, +0.313, -0.033, -0.433, +0.752, -0.595, +0.656, +0.926, +0.557, -0.458, +0.440, -0.840, +0.118, +0.165, +0.425, -0.081]

Computer 1: [+0.971, -0.615, +0.823, +0.386, -0.710, -0.019, -0.678, -0.191, +0.932, +0.502, -0.814, -0.221, -0.086, -0.733, -0.721, +0.313, -0.282, -0.520, +0.752, -0.806, +0.823, +0.926, +0.557, -0.458, +0.360, -0.737, +0.118, +0.165, +0.580, +0.283]
Computer 2: [+0.971, -0.615, +0.823, +0.386, -0.540, -0.019, -0.678, -0.191, +0.932, +0.502, -0.931, -0.284, -0.011, -0.938, -0.721, +0.465, -0.282, -0.520, +0.752, -0.806, +0.656, +0.707, +0.557, -0.521, +0.360, -0.840, +0.118, +0.165, +0.580, +0.283]

Computer 1: [+0.971, -0.615, +0.823, +0.170, -0.540, -0.019, -0.678, -0.191, +0.932, +0.502, -0.931, -0.284, -0.011, -0.938, -0.721, +0.310, -0.465, -0.520, +0.752, -0.806, +0.656, +0.707, +0.557, -0.521, +0.360, -0.840, +0.118, +0.165, +0.580, +0.261]
Computer 2: [+0.971, -0.615, +0.850, +0.421, -0.584, -0.019, -0.678, -0.060, +0.932, +0.485, -0.931, -0.185, -0.135, -0.938, -0.721, +0.465, -0.282, -0.378, +0.752, -0.806, +0.656, +0.707, +0.557, -0.521, +0.360, -0.840, +0.118, +0.165, +0.580, +0.283]

Computer 1: [+0.971, -0.615, +0.850, +0.421, -0.584, -0.019, -0.678, -0.060, +0.932, +0.485, -0.931, -0.185, -0.135, -0.938, -0.721, +0.465, -0.282, -0.378, +0.752, -0.806, +0.656, +0.707, +0.557, -0.521, +0.360, -0.840, +0.118, +0.165, +0.580, +0.283]
Computer 2: [+0.971, -0.652, +0.823, +0.170, -0.564, -0.019, -0.678, -0.191, +0.932, +0.436, -0.931, -0.284, +0.140, -1.083, -0.721, +0.265, -0.465, -0.510, +0.752, -0.806, +0.656, +0.707, +0.557, -0.696, +0.360, -0.840, +0.118, +0.409, +0.580, +0.261]

Computer 1: [+0.971, -0.615, +0.850, +0.653, -0.778, -0.038, -0.841, +0.152, +0.932, +0.485, -0.931, -0.185, -0.135, -0.938, -0.721, +0.397, -0.179, -0.466, +0.752, -0.829, +0.656, +0.707, +0.557, -0.521, +0.360, -0.840, +0.118, +0.165, +0.580, +0.283]
Computer 2: [+1.165, -0.615, +0.850, +0.377, -0.826, -0.019, -0.781, -0.060, +1.121, +0.485, -0.931, -0.185, -0.053, -0.762, -0.721, +0.465, -0.282, -0.357, +0.752, -0.806, +0.656, +0.707, +0.557, -0.521, +0.360, -0.840, +0.118, +0.165, +0.580, +0.057]

Computer 1: [+1.165, -0.615, +0.850, +0.377, -0.826, -0.019, -0.762, -0.060, +1.063, +0.485, -0.931, -0.185, -0.053, -0.773, -0.721, +0.465, -0.282, -0.357, +0.638, -0.806, +0.656, +0.707, +0.557, -0.521, +0.360, -0.840, +0.118, +0.165, +0.580, +0.057]
Computer 2: [+1.165, -0.615, +0.850, +0.377, -0.826, -0.019, -0.781, -0.060, +0.986, +0.280, -0.931, -0.185, +0.030, -0.762, -0.721, +0.304, -0.282, -0.357, +0.515, -0.806, +0.656, +0.707, +0.557, -0.521, +0.360, -0.840, +0.118, +0.165, +0.580, +0.057]

Computer 1: [+1.165, -0.615, +0.850, +0.377, -0.826, -0.019, -0.781, -0.060, +0.986, +0.280, -0.931, -0.185, +0.030, -0.762, -0.721, +0.304, -0.282, -0.357, +0.515, -0.806, +0.656, +0.707, +0.557, -0.521, +0.360, -0.840, +0.118, +0.165, +0.580, +0.057]
Computer 2: [+0.968, -0.595, +0.850, +0.238, -0.808, -0.019, -0.781, -0.060, +0.986, +0.280, -0.931, -0.378, +0.030, -0.525, -0.853, +0.304, -0.282, -0.372, +0.515, -0.806, +0.656, +0.707, +0.557, -0.521, +0.360, -0.940, +0.118, +0.165, +0.341, +0.057]

Computer 1: [+1.165, -0.615, +0.850, +0.377, -0.686, -0.019, -0.666, -0.060, +0.986, +0.280, -0.931, -0.185, +0.030, -0.762, -0.567, +0.372, -0.502, -0.357, +0.515, -0.806, +0.656, +0.931, +0.553, -0.521, +0.360, -0.738, +0.118, +0.165, +0.580, -0.073]
Computer 2: [+0.968, -0.595, +0.850, +0.238, -0.808, -0.031, -0.781, +0.048, +0.986, +0.280, -0.931, -0.378, +0.030, -0.752, -0.853, +0.304, -0.282, -0.372, +0.515, -0.853, +0.626, +0.707, +0.557, -0.521, +0.360, -0.940, +0.118, +0.006, +0.341, +0.183]

Computer 1: [+1.165, -0.615, +0.850, +0.377, -0.686, +0.207, -0.617, -0.060, +0.986, +0.280, -1.121, -0.185, +0.030, -0.762, -0.567, +0.372, -0.502, -0.357, +0.515, -0.782, +0.656, +0.931, +0.553, -0.521, +0.352, -0.738, +0.118, +0.092, +0.403, -0.073]
Computer 2: [+0.968, -0.595, +0.850, +0.238, -0.574, -0.031, -0.983, +0.048, +0.986, +0.280, -0.931, -0.378, +0.030, -0.752, -0.853, +0.304, -0.282, -0.376, +0.515, -0.853, +0.626, +0.707, +0.557, -0.521, +0.360, -0.940, +0.118, +0.006, +0.575, +0.357]

Computer 1: [+1.165, -0.615, +0.850, +0.377, -0.686, +0.207, -0.617, -0.060, +0.986, +0.280, -1.121, -0.185, +0.030, -0.762, -0.567, +0.372, -0.502, -0.357, +0.515, -0.782, +0.656, +0.931, +0.553, -0.521, +0.352, -0.738, +0.118, +0.092, +0.403, -0.073]
Computer 2: [+0.968, -0.595, +0.997, +0.238, -0.574, -0.031, -0.789, +0.111, +0.984, +0.150, -0.931, -0.608, +0.030, -0.535, -0.853, +0.304, -0.282, -0.442, +0.515, -0.853, +0.433, +0.707, +0.557, -0.521, +0.360, -0.940, +0.118, +0.006, +0.575, +0.357]

Computer 1: [+1.165, -0.615, +0.850, +0.377, -0.686, +0.207, -0.650, +0.086, +0.986, +0.280, -1.003, -0.185, +0.030, -0.762, -0.567, +0.372, -0.502, -0.357, +0.515, -0.601, +0.656, +0.931, +0.553, -0.521, +0.577, -0.738, +0.118, +0.092, +0.391, -0.073]
Computer 2: [+0.866, -0.595, +0.997, +0.238, -0.465, -0.031, -0.546, +0.346, +0.984, +0.150, -0.931, -0.482, +0.030, -0.535, -0.853, +0.304, -0.282, -0.313, +0.515, -0.853, +0.433, +0.707, +0.557, -0.521, +0.360, -0.940, +0.118, +0.006, +0.711, +0.278]

Computer 1: [+1.165, -0.615, +0.850, +0.597, -0.599, +0.259, -0.650, -0.154, +0.986, +0.114, -1.003, -0.185, +0.030, -0.762, -0.728, +0.314, -0.502, -0.357, +0.587, -0.642, +0.656, +0.743, +0.553, -0.521, +0.577, -0.738, +0.118, +0.092, +0.224, -0.073]
Computer 2: [+1.165, -0.785, +0.850, +0.377, -0.686, +0.207, -0.491, +0.086, +0.986, +0.280, -1.003, -0.185, +0.249, -0.762, -0.734, +0.538, -0.502, -0.357, +0.515, -0.601, +0.656, +0.987, +0.553, -0.521, +0.606, -0.738, +0.118, +0.092, +0.391, -0.221]

Computer 1: [+1.165, -0.615, +0.850, +0.597, -0.599, +0.259, -0.757, -0.076, +0.878, +0.283, -0.774, -0.185, +0.136, -0.762, -0.728, +0.314, -0.502, -0.357, +0.587, -0.642, +0.656, +0.743, +0.553, -0.330, +0.768, -0.738, +0.118, +0.092, +0.224, -0.085]
Computer 2: [+1.165, -0.615, +1.039, +0.597, -0.599, +0.259, -0.650, -0.154, +0.842, +0.114, -1.003, -0.185, +0.030, -0.762, -0.728, +0.526, -0.502, -0.357, +0.587, -0.642, +0.656, +0.743, +0.553, -0.521, +0.577, -0.738, -0.027, +0.092, +0.224, -0.073]

Computer 1: [+1.223, -0.615, +0.651, +0.597, -0.599, +0.259, -0.757, -0.076, +0.878, +0.283, -0.774, -0.185, +0.136, -0.990, -0.728, +0.314, -0.502, -0.357, +0.587, -0.642, +0.451, +0.743, +0.553, -0.330, +0.768, -0.738, +0.118, +0.092, +0.224, -0.085]
Computer 2: [+1.165, -0.615, +0.850, +0.597, -0.599, +0.259, -0.757, -0.272, +0.926, +0.397, -0.774, -0.185, +0.136, -0.762, -0.728, +0.535, -0.502, -0.146, +0.676, -0.642, +0.656, +0.743, +0.553, -0.330, +0.768, -0.579, +0.118, +0.092, +0.224, -0.085]

Computer 1: [+1.165, -0.615, +0.850, +0.689, -0.599, +0.259, -0.560, -0.272, +0.926, +0.339, -0.774, -0.052, +0.136, -0.762, -0.728, +0.535, -0.744, -0.146, +0.676, -0.641, +0.656, +0.743, +0.350, -0.330, +0.768, -0.579, +0.262, +0.092, +0.224, -0.085]
Computer 2: [+1.165, -0.615, +0.850, +0.597, -0.599, +0.259, -0.757, -0.272, +0.926, +0.397, -0.774, -0.185, +0.136, -0.762, -0.728, +0.535, -0.502, -0.146, +0.676, -0.589, +0.656, +0.566, +0.553, -0.233, +0.768, -0.579, +0.118, +0.092, +0.367, -0.085]

Computer 1: [+1.165, -0.615, +1.052, +0.844, -0.599, +0.259, -0.704, -0.272, +0.926, +0.338, -0.527, -0.185, +0.136, -0.762, -0.728, +0.491, -0.502, -0.146, +0.884, -0.589, +0.863, +0.566, +0.553, -0.233, +0.768, -0.579, -0.049, +0.092, +0.516, +0.106]
Computer 2: [+1.165, -0.615, +0.850, +0.597, -0.599, +0.259, -0.757, -0.272, +0.926, +0.397, -0.774, -0.185, +0.136, -0.762, -0.728, +0.535, -0.502, -0.146, +0.676, -0.589, +0.656, +0.566, +0.553, -0.233, +0.768, -0.579, +0.118, +0.092, +0.367, -0.085]

Computer 1: [+1.165, -0.615, +1.052, +0.844, -0.599, +0.259, -0.704, -0.272, +0.926, +0.338, -0.527, -0.185, +0.136, -0.762, -0.728, +0.724, -0.502, -0.146, +0.762, -0.364, +0.863, +0.566, +0.553, -0.233, +0.768, -0.579, -0.049, +0.329, +0.516, -0.075]
Computer 2: [+1.168, -0.615, +1.052, +0.844, -0.599, +0.373, -0.704, -0.272, +1.031, +0.338, -0.527, -0.230, +0.136, -0.762, -0.728, +0.491, -0.502, -0.146, +0.884, -0.589, +0.863, +0.447, +0.553, -0.233, +0.768, -0.579, -0.049, +0.092, +0.516, +0.106]

Computer 1: [+1.165, -0.615, +1.052, +0.844, -0.599, +0.259, -0.704, -0.272, +0.926, +0.338, -0.527, -0.185, +0.136, -0.762, -0.728, +0.724, -0.502, -0.146, +0.762, -0.364, +0.863, +0.566, +0.553, -0.233, +0.768, -0.579, -0.049, +0.329, +0.516, -0.075]
Computer 2: [+1.168, -0.615, +1.052, +0.931, -0.599, +0.373, -0.704, -0.272, +1.070, +0.338, -0.527, -0.230, -0.009, -0.762, -0.728, +0.740, -0.502, -0.146, +1.103, -0.589, +0.863, +0.447, +0.553, -0.233, +1.008, -0.579, -0.049, +0.234, +0.516, +0.106]

Computer 1: [+1.165, -0.615, +1.052, +0.844, -0.599, +0.259, -0.704, -0.272, +0.926, +0.338, -0.674, -0.037, +0.136, -0.817, -0.728, +0.724, -0.502, -0.091, +0.762, -0.121, +0.863, +0.566, +0.553, -0.233, +0.966, -0.579, -0.049, +0.329, +0.516, -0.075]
Computer 2: [+1.168, -0.615, +1.052, +0.931, -0.599, +0.373, -0.704, -0.272, +1.070, +0.338, -0.527, -0.230, -0.009, -0.762, -0.728, +0.740, -0.502, -0.146, +1.103, -0.589, +0.863, +0.447, +0.553, -0.233, +1.008, -0.579, -0.049, +0.234, +0.516, +0.106]

Computer 1: [+1.015, -0.615, +1.052, +0.931, -0.599, +0.373, -0.862, -0.272, +1.070, +0.450, -0.527, -0.433, +0.196, -0.762, -0.728, +0.740, -0.544, -0.146, +0.886, -0.589, +1.080, +0.447, +0.553, -0.233, +1.008, -0.579, -0.049, +0.234, +0.516, +0.106]
Computer 2: [+1.165, -0.615, +1.052, +0.844, -0.599, +0.259, -0.704, -0.272, +0.926, +0.338, -0.674, -0.037, +0.136, -0.817, -0.728, +0.724, -0.502, -0.091, +0.762, -0.121, +0.863, +0.566, +0.553, -0.233, +0.966, -0.579, -0.049, +0.329, +0.516, -0.075]

Computer 1: [+1.165, -0.615, +1.052, +0.844, -0.599, +0.259, -0.704, -0.272, +0.926, +0.338, -0.674, -0.037, +0.136, -0.817, -0.728, +0.724, -0.502, -0.091, +0.762, -0.121, +0.863, +0.566, +0.553, -0.233, +0.966, -0.579, -0.049, +0.329, +0.516, -0.075]
Computer 2: [+1.165, -0.615, +1.052, +0.844, -0.599, +0.259, -0.704, -0.272, +0.818, +0.228, -0.674, -0.105, +0.136, -0.817, -0.902, +0.666, -0.502, -0.091, +0.831, -0.121, +0.863, +0.445, +0.553, -0.233, +0.966, -0.579, -0.049, +0.329, +0.516, +0.083]

Computer 1: [+1.165, -0.615, +1.052, +0.844, -0.625, +0.259, -0.944, -0.272, +1.148, +0.338, -0.674, -0.037, -0.075, -0.596, -0.681, +0.724, -0.502, -0.091, +0.711, -0.082, +0.759, +0.566, +0.553, -0.233, +0.966, -0.579, -0.049, +0.329, +0.516, -0.075]
Computer 2: [+1.165, -0.615, +1.094, +0.844, -0.545, +0.480, -0.704, -0.272, +0.818, +0.228, -0.674, -0.105, +0.136, -0.817, -0.902, +0.666, -0.502, -0.091, +0.831, -0.121, +0.863, +0.445, +0.328, -0.233, +1.123, -0.579, -0.049, +0.500, +0.458, +0.083]

Computer 1: [+1.165, -0.615, +0.899, +1.053, -0.545, +0.584, -0.813, -0.272, +0.952, +0.228, -0.781, +0.097, +0.136, -0.972, -0.902, +0.823, -0.629, -0.091, +1.005, -0.121, +0.863, +0.270, +0.328, -0.310, +1.123, -0.579, -0.049, +0.327, +0.648, +0.083]
Computer 2: [+1.165, -0.615, +1.194, +1.017, -0.625, +0.259, -0.944, -0.272, +1.148, +0.533, -0.674, -0.037, -0.075, -0.596, -0.681, +0.724, -0.456, -0.091, +0.589, -0.151, +0.759, +0.566, +0.553, -0.310, +0.966, -0.579, -0.049, +0.329, +0.516, -0.075]

Computer 1: [+1.165, -0.615, +1.428, +1.017, -0.596, +0.259, -1.106, -0.272, +1.148, +0.533, -0.674, -0.037, +0.019, -0.596, -0.681, +0.724, -0.543, -0.091, +0.589, -0.153, +0.759, +0.566, +0.626, -0.150, +1.091, -0.579, -0.049, +0.329, +0.516, -0.075]
Computer 2: [+1.165, -0.615, +0.899, +1.053, -0.545, +0.584, -0.813, -0.272, +0.952, +0.228, -0.781, +0.097, +0.136, -0.972, -0.902, +0.823, -0.629, -0.091, +1.005, -0.121, +0.863, +0.270, +0.328, -0.310, +1.123, -0.579, -0.049, +0.327, +0.648, +0.083]

Computer 1: [+1.165, -0.536, +1.428, +1.017, -0.596, +0.259, -1.024, -0.272, +1.173, +0.533, -0.674, -0.037, +0.019, -0.596, -0.681, +0.724, -0.543, -0.234, +0.589, -0.153, +0.759, +0.566, +0.626, -0.150, +1.299, -0.672, -0.049, +0.337, +0.516, -0.075]
Computer 2: [+1.322, -0.833, +0.899, +1.053, -0.396, +0.470, -0.970, -0.272, +0.952, +0.361, -0.781, +0.097, +0.136, -0.972, -0.902, +0.823, -0.629, -0.105, +1.005, -0.121, +0.863, +0.500, +0.328, -0.310, +1.123, -0.349, -0.049, +0.511, +0.870, +0.083]

Computer 1: [+1.165, -0.536, +1.428, +0.873, -0.596, +0.259, -1.144, -0.272, +1.173, +0.533, -0.632, -0.037, +0.019, -0.596, -0.681, +0.724, -0.543, -0.234, +0.589, -0.153, +0.759, +0.566, +0.626, -0.150, +1.299, -0.510, -0.049, +0.337, +0.516, -0.075]
Computer 2: [+1.322, -0.833, +0.899, +1.053, -0.248, +0.470, -0.970, -0.469, +0.952, +0.136, -0.781, +0.197, +0.256, -0.916, -0.902, +0.818, -0.526, -0.105, +1.005, -0.121, +0.863, +0.500, +0.328, -0.310, +1.344, -0.197, -0.049, +0.678, +0.992, +0.196]

Computer 1: [+1.165, -0.735, +1.676, +0.873, -0.596, +0.259, -1.144, -0.272, +1.173, +0.419, -0.632, +0.120, -0.038, -0.812, -0.674, +0.724, -0.433, -0.234, +0.589, -0.242, +0.759, +0.566, +0.626, -0.150, +1.286, -0.510, -0.049, +0.337, +0.516, -0.075]
Computer 2: [+1.165, -0.536, +1.428, +0.873, -0.596, +0.259, -1.144, -0.272, +1.173, +0.533, -0.632, -0.037, +0.019, -0.596, -0.681, +0.724, -0.543, -0.234, +0.589, -0.153, +0.759, +0.566, +0.626, -0.150, +1.299, -0.510, -0.049, +0.337, +0.516, -0.075]

Computer 1: [+1.165, -0.536, +1.428, +0.873, -0.596, +0.259, -1.131, -0.112, +1.173, +0.533, -0.632, -0.037, +0.159, -0.596, -0.681, +0.724, -0.543, -0.234, +0.529, -0.153, +0.759, +0.566, +0.626, -0.041, +1.498, -0.510, -0.049, +0.337, +0.516, -0.075]
Computer 2: [+1.224, -0.735, +1.676, +0.873, -0.596, +0.208, -1.144, -0.272, +1.173, +0.419, -0.632, +0.120, -0.099, -0.812, -0.674, +0.724, -0.433, -0.234, +0.589, -0.242, +0.759, +0.566, +0.626, -0.150, +1.286, -0.510, -0.049, +0.337, +0.298, -0.075]

Computer 1: [+1.404, -0.536, +1.428, +0.873, -0.596, +0.338, -1.131, -0.112, +1.410, +0.533, -0.708, -0.037, +0.159, -0.596, -0.681, +0.724, -0.543, -0.355, +0.529, -0.153, +0.781, +0.566, +0.626, -0.041, +1.498, -0.510, -0.049, +0.337, +0.516, -0.129]
Computer 2: [+1.224, -0.743, +1.676, +0.873, -0.596, +0.283, -1.144, -0.272, +1.173, +0.419, -0.632, +0.120, -0.333, -0.722, -0.674, +0.763, -0.505, -0.234, +0.589, -0.242, +0.759, +0.566, +0.646, -0.121, +1.286, -0.510, -0.222, +0.505, +0.281, +0.026]

Computer 1: [+1.404, -0.536, +1.428, +0.873, -0.596, +0.338, -1.131, -0.112, +1.410, +0.533, -0.708, -0.037, +0.159, -0.596, -0.681, +0.724, -0.543, -0.355, +0.529, -0.153, +0.781, +0.566, +0.626, -0.041, +1.498, -0.510, -0.049, +0.337, +0.516, -0.129]
Computer 2: [+1.494, -0.536, +1.601, +1.055, -0.596, +0.338, -1.131, -0.112, +1.410, +0.533, -0.708, -0.037, +0.159, -0.681, -0.681, +0.588, -0.543, -0.355, +0.529, -0.153, +0.709, +0.566, +0.698, +0.157, +1.498, -0.296, -0.049, +0.337, +0.516, -0.129]

Computer 1: [+1.503, -0.539, +1.798, +1.055, -0.596, +0.338, -1.112, -0.112, +1.410, +0.533, -0.708, -0.037, +0.159, -0.681, -0.681, +0.588, -0.543, -0.366, +0.529, -0.153, +0.709, +0.808, +0.698, +0.157, +1.498, -0.296, -0.049, +0.337, +0.516, -0.129]
Computer 2: [+1.404, -0.536, +1.428, +0.873, -0.582, +0.338, -1.131, -0.053, +1.410, +0.533, -0.633, -0.037, +0.159, -0.812, -0.545, +0.724, -0.543, -0.355, +0.529, -0.153, +0.781, +0.566, +0.626, -0.041, +1.498, -0.510, -0.049, +0.337, +0.516, -0.207]

Computer 1: [+1.503, -0.539, +2.033, +1.055, -0.596, +0.338, -1.112, -0.294, +1.410, +0.533, -0.708, -0.037, +0.159, -0.681, -0.602, +0.588, -0.543, -0.366, +0.407, -0.153, +0.580, +0.808, +0.698, +0.157, +1.498, -0.296, -0.049, +0.337, +0.516, -0.129]
Computer 2: [+1.503, -0.539, +1.798, +1.055, -0.596, +0.338, -1.112, -0.112, +1.410, +0.533, -0.708, -0.037, +0.159, -0.681, -0.681, +0.588, -0.543, -0.366, +0.529, -0.153, +0.709, +0.808, +0.698, +0.157, +1.498, -0.296, -0.049, +0.337, +0.516, -0.129]

Computer 1: [+1.503, -0.539, +2.033, +1.150, -0.596, +0.473, -1.112, -0.294, +1.410, +0.533, -0.708, -0.037, +0.159, -0.729, -0.602, +0.588, -0.543, -0.614, +0.407, -0.326, +0.580, +0.808, +0.698, +0.274, +1.498, -0.296, -0.049, +0.337, +0.516, +0.068]
Computer 2: [+1.266, -0.539, +1.798, +1.170, -0.596, +0.338, -1.112, -0.112, +1.414, +0.509, -0.495, -0.037, +0.159, -0.681, -0.681, +0.684, -0.543, -0.135, +0.529, -0.153, +0.709, +0.808, +0.698, +0.157, +1.498, -0.296, -0.049, +0.583, +0.516, -0.129]

Computer 1: [+1.314, -0.539, +2.033, +1.150, -0.596, +0.473, -1.112, -0.294, +1.295, +0.533, -0.568, -0.037, +0.159, -0.729, -0.602, +0.793, -0.543, -0.614, +0.407, -0.326, +0.635, +0.808, +0.698, +0.414, +1.498, -0.296, -0.190, +0.337, +0.516, +0.068]
Computer 2: [+1.266, -0.539, +1.798, +1.170, -0.596, +0.338, -1.112, -0.112, +1.414, +0.509, -0.495, -0.037, +0.159, -0.681, -0.681, +0.684, -0.543, -0.135, +0.529, -0.153, +0.709, +0.808, +0.698, +0.157, +1.498, -0.296, -0.049, +0.583, +0.516, -0.129]

Computer 1: [+1.266, -0.539, +1.558, +1.170, -0.596, +0.338, -1.112, -0.088, +1.414, +0.509, -0.495, -0.037, +0.159, -0.681, -0.681, +0.925, -0.543, -0.027, +0.529, -0.153, +0.606, +0.808, +0.698, +0.284, +1.498, -0.502, -0.049, +0.363, +0.516, -0.371]
Computer 2: [+1.266, -0.539, +1.798, +1.170, -0.596, +0.338, -1.112, -0.112, +1.414, +0.509, -0.495, -0.037, +0.159, -0.681, -0.681, +0.684, -0.543, -0.135, +0.529, -0.153, +0.709, +0.808, +0.698, +0.157, +1.498, -0.296, -0.049, +0.583, +0.516, -0.129]

Computer 1: [+1.266, -0.539, +1.798, +1.170, -0.596, +0.338, -1.112, -0.049, +1.414, +0.509, -0.495, -0.037, +0.159, -0.681, -0.681, +0.582, -0.665, -0.135, +0.529, -0.153, +0.709, +1.045, +0.541, +0.157, +1.498, -0.296, -0.105, +0.583, +0.516, -0.129]
Computer 2: [+1.266, -0.539, +1.380, +1.170, -0.596, +0.564, -1.112, -0.088, +1.414, +0.509, -0.620, -0.037, +0.159, -0.681, -0.681, +0.925, -0.543, -0.027, +0.529, -0.375, +0.606, +0.808, +0.698, +0.284, +1.498, -0.502, -0.186, +0.448, +0.516, -0.371]

Computer 1: [+1.266, -0.539, +1.798, +1.170, -0.596, +0.338, -1.112, -0.049, +1.414, +0.509, -0.495, -0.037, +0.159, -0.681, -0.681, +0.582, -0.665, -0.135, +0.529, -0.153, +0.709, +1.045, +0.541, +0.157, +1.498, -0.296, -0.105, +0.583, +0.516, -0.129]
Computer 2: [+1.266, -0.296, +1.932, +1.170, -0.596, +0.338, -1.112, -0.049, +1.414, +0.509, -0.495, -0.037, +0.159, -0.681, -0.681, +0.582, -0.665, -0.135, +0.529, -0.093, +0.709, +1.045, +0.541, +0.157, +1.508, -0.296, -0.105, +0.583, +0.516, -0.129]

Computer 1: [+1.139, -0.539, +1.798, +1.264, -0.596, +0.338, -1.305, -0.049, +1.414, +0.509, -0.495, -0.037, +0.159, -0.681, -0.681, +0.530, -0.665, -0.135, +0.529, -0.153, +0.709, +1.045, +0.541, +0.157, +1.498, -0.296, -0.105, +0.583, +0.596, -0.129]
Computer 2: [+1.266, -0.335, +1.932, +1.170, -0.596, +0.470, -1.112, +0.140, +1.414, +0.509, -0.309, -0.098, +0.346, -0.681, -0.513, +0.582, -0.665, -0.200, +0.529, -0.093, +0.709, +1.045, +0.541, +0.157, +1.508, -0.296, -0.105, +0.704, +0.516, -0.133]

Computer 1: [+1.266, -0.335, +1.932, +1.170, -0.596, +0.470, -1.112, +0.140, +1.414, +0.509, -0.309, -0.098, +0.346, -0.681, -0.513, +0.582, -0.665, -0.200, +0.529, -0.093, +0.709, +1.045, +0.541, +0.157, +1.508, -0.296, -0.105, +0.704, +0.516, -0.133]
Computer 2: [+1.266, -0.335, +1.932, +1.170, -0.617, +0.470, -1.112, +0.284, +1.414, +0.509, -0.309, -0.098, +0.346, -0.681, -0.561, +0.582, -0.557, -0.200, +0.529, -0.093, +0.709, +1.045, +0.541, +0.157, +1.508, -0.378, -0.105, +0.704, +0.516, -0.133]

Computer 1: [+1.266, -0.335, +1.932, +1.170, -0.582, +0.470, -0.890, +0.521, +1.414, +0.509, -0.309, -0.192, +0.346, -0.681, -0.561, +0.582, -0.557, -0.200, +0.668, -0.093, +0.709, +1.277, +0.541, +0.157, +1.566, -0.378, +0.009, +0.704, +0.516, -0.133]
Computer 2: [+1.266, -0.335, +1.932, +1.170, -0.596, +0.470, -1.112, +0.140, +1.414, +0.509, -0.129, -0.098, +0.346, -0.587, -0.513, +0.582, -0.665, -0.393, +0.402, -0.093, +0.709, +0.978, +0.541, +0.157, +1.508, -0.296, -0.105, +0.704, +0.477, -0.133]

Computer 1: [+1.141, -0.544, +1.932, +1.170, -0.620, +0.470, -1.112, +0.140, +1.414, +0.509, -0.129, -0.098, +0.346, -0.587, -0.513, +0.582, -0.440, -0.393, +0.402, -0.093, +0.637, +0.978, +0.541, +0.157, +1.508, -0.296, -0.083, +0.890, +0.477, -0.133]
Computer 2: [+1.266, -0.335, +1.932, +1.170, -0.582, +0.470, -0.890, +0.521, +1.414, +0.509, -0.309, -0.192, +0.346, -0.681, -0.561, +0.582, -0.557, -0.200, +0.668, -0.093, +0.709, +1.277, +0.541, +0.157, +1.566, -0.378, +0.009, +0.704, +0.516, -0.133]
