
Computer 1: [-0.118, -0.462, +0.567, +0.627, +0.232, +0.946, -0.220, +0.396, +0.016, +0.450, -0.666, -0.532, -0.769, -0.812, -0.084, +0.786, -0.789, -0.570, -0.626, +0.195, -0.164, +0.647, -0.428, +0.947, -0.892, -0.722, -0.632, -0.237, -0.403, -0.604]
Computer 2: [+0.585, -0.519, +0.173, +0.555, -0.388, -0.789, -0.566, +0.170, -0.079, +0.739, -0.442, +0.615, -0.932, +0.144, -0.144, +0.027, -0.905, -0.671, +0.468, +0.159, +0.161, -0.434, -0.196, +0.944, +0.845, +0.845, -0.111, -0.234, -0.128, +0.891]

Computer 1: [+0.585, -0.519, +0.173, +0.555, -0.388, -0.789, -0.566, -0.031, -0.273, +0.739, -0.442, +0.625, -0.932, +0.368, -0.144, +0.027, -0.905, -0.827, +0.468, +0.182, +0.019, -0.434, -0.259, +0.944, +0.845, +0.845, -0.111, -0.234, -0.128, +0.891]
Computer 2: [+0.585, -0.519, +0.173, +0.555, -0.388, -0.789, -0.566, +0.170, -0.079, +0.739, -0.442, +0.615, -0.932, +0.144, -0.144, +0.027, -0.905, -0.671, +0.468, +0.159, +0.161, -0.434, -0.196, +0.944, +0.845, +0.845, -0.111, -0.234, -0.128, +0.891]

Computer 1: [+0.609, +0.428, +0.134, +0.809, -0.255, -0.860, -0.956, +0.236, +0.766, -0.890, -0.075, +0.679, -0.891, +0.964, +0.165, +0.942, +0.197, -0.575, -0.272, -0.268, +0.061, +0.144, +0.551, +0.320, -0.032, -0.607, -0.141, +0.318, -0.463, +0.491]
Computer 2: [+0.696, -0.832, -0.234, +0.119, -0.412, +0.759, -0.945, -0.026, -0.153, -0.326, +0.208, +0.570, -0.263, -0.780, -0.969, +0.284, -0.064, -0.641, +0.147, -0.805, +0.429, -0.760, -0.822, -0.066, +0.222, -0.461, +0.215, -0.955, -0.954, -0.960]

Computer 1: [+0.609, +0.428, +0.134, +0.809, -0.255, -0.860, -0.956, +0.236, +0.766, -0.890, -0.174, +0.679, -0.876, +0.964, +0.165, +1.054, +0.197, -0.575, -0.272, -0.268, +0.061, +0.144, +0.734, +0.320, -0.180, -0.607, -0.373, +0.318, -0.463, +0.491]
Computer 2: [+0.609, +0.428, +0.134, +0.809, -0.255, -0.860, -0.956, +0.236, +0.766, -0.890, -0.075, +0.679, -0.891, +0.964, +0.165, +0.942, +0.197, -0.575, -0.272, -0.268, +0.061, +0.144, +0.551, +0.320, -0.032, -0.607, -0.141, +0.318, -0.463, +0.491]

Computer 1: [+0.609, +0.428, +0.134, +0.809, -0.174, -0.860, -1.035, +0.236, +0.766, -0.890, +0.112, +0.679, -0.891, +0.768, +0.165, +0.942, +0.197, -0.575, -0.272, -0.268, +0.061, +0.144, +0.551, +0.320, -0.032, -0.607, -0.141, +0.394, -0.592, +0.491]
Computer 2: [+0.609, +0.428, +0.134, +0.809, -0.255, -0.860, -0.956, +0.236, +0.766, -0.890, -0.174, +0.679, -0.876, +0.964, +0.165, +1.054, +0.197, -0.575, -0.272, -0.268, +0.061, +0.144, +0.734, +0.320, -0.180, -0.607, -0.373, +0.318, -0.463, +0.491]

Computer 1: [+0.609, +0.391, +0.346, +0.809, -0.255, -0.860, -0.956, +0.236, +0.766, -0.890, -0.174, +0.679, -0.876, +0.964, +0.352, +1.054, +0.197, -0.574, -0.272, -0.268, +0.061, +0.118, +0.734, +0.320, +0.022, -0.607, -0.215, +0.318, -0.463, +0.507]
Computer 2: [+0.609, +0.428, +0.134, +0.809, -0.142, -0.860, -1.035, +0.236, +0.766, -0.890, +0.112, +0.679, -0.962, +0.700, +0.165, +1.037, +0.197, -0.819, -0.453, -0.268, +0.061, +0.144, +0.516, +0.320, -0.032, -0.607, -0.141, +0.394, -0.592, +0.491]

Computer 1: [+0.581, -0.354, -0.140, +0.826, -0.351, -0.418, +0.171, +0.158, -0.395, +0.204, -0.081, -0.141, -0.030, -0.963, +0.356, -0.310, -0.197, -0.157, -0.370, +0.799, -0.764, -0.492, -0.669, -0.558, +0.829, -0.878, +0.415, -0.051, +0.672, -0.015]
Computer 2: [+0.609, +0.366, +0.253, +0.809, -0.255, -0.962, -0.707, +0.236, +0.766, -0.660, -0.174, +0.679, -0.876, +0.964, +0.352, +1.054, +0.197, -0.574, -0.272, -0.268, -0.022, +0.238, +0.734, +0.320, +0.022, -0.607, -0.215, +0.318, -0.463, +0.507]

Computer 1: [+0.581, -0.354, +0.004, +0.826, -0.230, -0.418, +0.171, +0.158, -0.395, +0.204, -0.111, -0.141, -0.030, -0.963, +0.356, -0.310, -0.197, -0.157, -0.370, +0.799, -0.764, -0.492, -0.669, -0.531, +0.829, -0.638, +0.415, -0.051, +0.672, -0.015]
Computer 2: [+0.581, -0.354, -0.140, +0.826, -0.351, -0.418, +0.171, +0.158, -0.395, +0.204, -0.134, -0.175, -0.030, -1.065, +0.356, -0.450, -0.197, -0.157, -0.332, +0.799, -0.764, -0.492, -0.669, -0.558, +0.829, -0.878, +0.415, -0.273, +0.672, -0.015]

Computer 1: [+0.331, -0.354, -0.077, +0.880, -0.129, -0.418, -0.078, +0.158, -0.395, +0.196, -0.134, -0.175, -0.030, -1.065, +0.159, -0.450, -0.342, -0.157, -0.244, +0.799, -0.713, -0.492, -0.691, -0.558, +0.829, -0.878, +0.415, -0.273, +0.672, -0.015]
Computer 2: [+0.627, -0.522, -0.140, +0.933, -0.283, -0.660, +0.171, +0.158, -0.356, +0.204, -0.134, -0.175, -0.243, -1.065, +0.356, -0.450, -0.197, -0.157, -0.366, +0.799, -0.764, -0.492, -0.803, -0.558, +0.829, -0.878, +0.242, -0.273, +0.515, -0.015]

Computer 1: [+0.331, -0.354, -0.077, +0.880, -0.129, -0.418, -0.078, +0.158, -0.395, +0.196, -0.134, -0.175, -0.030, -1.065, +0.159, -0.450, -0.342, -0.157, -0.244, +0.799, -0.713, -0.492, -0.691, -0.558, +0.829, -0.878, +0.415, -0.273, +0.672, -0.015]
Computer 2: [+0.444, -0.354, -0.217, +0.787, -0.129, -0.418, -0.078, +0.008, -0.395, +0.196, -0.309, -0.175, -0.030, -1.065, +0.159, -0.450, -0.342, -0.372, -0.244, +0.799, -0.713, -0.438, -0.795, -0.558, +0.829, -0.878, +0.415, -0.273, +0.672, -0.015]

Computer 1: [+0.444, -0.354, -0.217, +0.787, -0.129, -0.418, -0.078, +0.008, -0.395, +0.196, -0.309, -0.175, -0.030, -1.065, +0.159, -0.450, -0.342, -0.372, -0.244, +0.799, -0.713, -0.438, -0.795, -0.558, +0.829, -0.878, +0.415, -0.273, +0.672, -0.015]
Computer 2: [+0.331, -0.354, -0.077, +0.880, -0.094, -0.631, +0.167, +0.050, -0.395, +0.196, -0.124, -0.175, -0.030, -1.065, +0.159, -0.699, -0.342, -0.157, -0.244, +0.799, -0.713, -0.492, -0.691, -0.558, +0.717, -0.878, +0.648, -0.273, +0.672, -0.015]

Computer 1: [+0.331, -0.267, -0.077, +0.880, +0.104, -0.631, +0.167, +0.050, -0.395, +0.196, -0.124, -0.175, -0.030, -1.065, +0.159, -0.699, -0.342, -0.157, -0.244, +0.799, -0.781, -0.492, -0.691, -0.558, +0.717, -0.878, +0.648, -0.273, +0.672, -0.015]
Computer 2: [-0.489, +0.940, -0.062, +0.878, +0.661, +0.881, -0.517, -0.435, +0.024, +0.334, +0.318, +0.359, -0.411, +0.056, -0.440, -0.003, -0.980, -0.700, -0.003, -0.991, -0.504, +0.838, +0.576, +0.767, +0.530, -0.762, +0.557, +0.780, +0.104, +0.445]

Computer 1: [+0.331, -0.147, -0.077, +0.918, -0.139, -0.631, +0.379, +0.050, -0.395, +0.196, -0.124, -0.157, -0.030, -1.065, +0.159, -0.699, -0.342, -0.157, -0.244, +0.799, -0.781, -0.492, -0.691, -0.487, +0.717, -0.674, +0.652, -0.273, +0.672, -0.015]
Computer 2: [+0.449, +0.388, +0.150, -1.000, -0.902, -0.467, -0.817, +0.879, +0.309, +0.275, -0.018, +0.664, +0.011, -0.656, +0.267, +0.828, -0.621, -0.888, -0.059, +0.786, -0.790, +0.851, +0.757, -0.096, -0.535, +0.587, -0.711, -0.170, +0.997, -0.601]

Computer 1: [+0.449, +0.426, +0.150, -1.000, -0.902, -0.467, -0.817, +0.879, +0.500, +0.351, -0.018, +0.664, +0.011, -0.656, +0.267, +0.700, -0.621, -0.888, -0.059, +0.786, -0.790, +0.765, +0.757, -0.184, -0.535, +0.587, -0.711, -0.170, +0.997, -0.818]
Computer 2: [+0.331, -0.147, +0.002, +0.918, -0.139, -0.631, +0.379, +0.050, -0.395, +0.196, -0.124, -0.157, -0.030, -1.065, +0.159, -0.699, -0.413, -0.045, -0.411, +0.799, -0.781, -0.447, -0.691, -0.487, +0.717, -0.916, +0.652, -0.273, +0.672, -0.003]

Computer 1: [+0.449, +0.426, +0.150, -1.000, -0.902, -0.467, -0.817, +0.879, +0.500, +0.423, -0.018, +0.664, +0.011, -0.656, +0.227, +0.700, -0.421, -0.888, -0.059, +0.786, -0.790, +0.765, +0.757, -0.184, -0.535, +0.587, -0.711, -0.170, +1.028, -0.818]
Computer 2: [+0.144, -0.147, -0.076, +0.918, -0.139, -0.635, +0.146, +0.050, -0.395, +0.196, -0.124, -0.157, -0.030, -0.840, +0.342, -0.699, -0.542, -0.045, -0.411, +0.799, -0.984, -0.447, -0.691, -0.487, +0.717, -0.916, +0.652, -0.273, +0.672, -0.003]

Computer 1: [+0.144, -0.018, -0.076, +0.918, -0.139, -0.635, +0.146, +0.050, -0.395, +0.268, -0.124, -0.157, -0.030, -0.840, +0.201, -0.699, -0.542, -0.226, -0.621, +0.799, -0.984, -0.447, -0.691, -0.487, +0.717, -0.916, +0.652, -0.273, +0.672, -0.248]
Computer 2: [+0.449, +0.426, +0.303, -1.000, -0.705, -0.550, -0.800, +0.879, +0.500, +0.423, -0.018, +0.664, +0.125, -0.656, +0.227, +0.700, -0.421, -0.888, -0.185, +0.820, -0.695, +0.970, +0.881, -0.184, -0.556, +0.707, -0.711, -0.170, +1.028, -0.818]

Computer 1: [+0.144, -0.018, -0.204, +0.918, -0.360, -0.506, +0.230, +0.050, -0.395, +0.096, -0.124, -0.157, -0.030, -0.840, +0.201, -0.699, -0.542, -0.226, -0.634, +0.720, -0.948, -0.503, -0.691, -0.487, +0.717, -0.916, +0.736, -0.273, +0.672, -0.248]
Computer 2: [+0.144, -0.018, -0.076, +0.918, -0.139, -0.635, +0.146, +0.050, -0.395, +0.268, -0.124, -0.157, -0.030, -0.840, +0.201, -0.699, -0.542, -0.226, -0.621, +0.799, -0.984, -0.447, -0.691, -0.487, +0.717, -0.916, +0.652, -0.273, +0.672, -0.248]

Computer 1: [+0.144, -0.018, -0.076, +0.918, -0.139, -0.635, +0.146, +0.050, -0.395, +0.268, -0.124, -0.157, -0.030, -0.840, +0.201, -0.699, -0.542, -0.226, -0.621, +0.799, -0.984, -0.447, -0.691, -0.487, +0.717, -0.916, +0.652, -0.273, +0.672, -0.248]
Computer 2: [+0.339, -0.018, -0.204, +0.918, -0.218, -0.506, +0.230, +0.050, -0.395, +0.096, -0.124, -0.157, -0.030, -0.840, +0.201, -0.699, -0.542, -0.192, -0.634, +0.720, -0.875, -0.333, -0.691, -0.487, +0.819, -0.916, +0.736, -0.273, +0.672, -0.024]

Computer 1: [+0.144, -0.018, -0.076, +0.918, -0.184, -0.635, -0.103, +0.206, -0.395, +0.268, -0.313, -0.157, -0.030, -0.840, +0.201, -0.492, -0.652, -0.226, -0.621, +0.799, -0.984, -0.681, -0.631, -0.487, +0.953, -0.916, +0.739, -0.273, +0.672, -0.248]
Computer 2: [+0.339, +0.227, -0.204, +0.918, -0.234, -0.348, +0.057, -0.099, -0.395, +0.096, -0.124, -0.157, -0.030, -0.840, +0.335, -0.699, -0.542, -0.192, -0.853, +0.518, -0.875, -0.333, -0.826, -0.487, +0.591, -0.916, +0.736, -0.273, +0.672, -0.024]

Computer 1: [+0.144, -0.018, -0.141, +0.918, -0.184, -0.635, -0.103, +0.206, -0.147, +0.268, -0.313, -0.157, -0.030, -0.840, -0.016, -0.492, -0.652, -0.226, -0.621, +0.613, -0.984, -0.681, -0.443, -0.487, +0.953, -0.916, +0.739, -0.273, +0.672, -0.248]
Computer 2: [+0.144, -0.018, -0.076, +0.918, -0.184, -0.635, -0.103, +0.206, -0.395, +0.268, -0.313, -0.157, -0.030, -0.840, +0.201, -0.492, -0.652, -0.226, -0.621, +0.799, -0.984, -0.681, -0.631, -0.487, +0.953, -0.916, +0.739, -0.273, +0.672, -0.248]

Computer 1: [+0.144, -0.018, -0.141, +0.918, -0.184, -0.635, -0.103, +0.206, -0.337, +0.268, -0.313, -0.157, +0.094, -0.840, +0.165, -0.334, -0.850, -0.226, -0.621, +0.613, -0.984, -0.787, -0.443, -0.487, +1.040, -0.841, +0.739, -0.273, +0.672, -0.248]
Computer 2: [+0.144, -0.018, -0.141, +0.918, -0.414, -0.635, -0.246, +0.206, -0.147, +0.268, -0.313, -0.184, -0.030, -0.605, -0.016, -0.492, -0.652, -0.226, -0.621, +0.613, -0.984, -0.681, -0.443, -0.393, +0.806, -0.916, +0.739, -0.273, +0.672, -0.250]

Computer 1: [+0.144, -0.018, -0.141, +0.918, -0.184, -0.635, -0.103, +0.206, -0.337, +0.268, -0.313, -0.157, +0.094, -0.840, +0.165, -0.334, -0.850, -0.226, -0.621, +0.613, -0.984, -0.787, -0.443, -0.487, +1.040, -0.841, +0.739, -0.273, +0.672, -0.248]
Computer 2: [+0.144, -0.018, -0.141, +0.918, -0.184, -0.635, -0.103, +0.206, -0.337, +0.268, -0.313, -0.157, +0.094, -0.987, -0.026, -0.334, -0.850, -0.226, -0.621, +0.613, -0.984, -0.787, -0.571, -0.288, +1.040, -0.841, +0.745, -0.273, +0.672, -0.248]

Computer 1: [+0.144, -0.018, -0.141, +0.918, -0.184, -0.810, -0.103, +0.274, -0.337, +0.268, -0.313, -0.157, +0.094, -0.840, +0.165, -0.334, -0.850, -0.476, -0.621, +0.530, -0.984, -0.774, -0.443, -0.487, +1.040, -0.841, +0.739, -0.409, +0.672, -0.248]
Computer 2: [+0.144, -0.018, -0.141, +0.918, -0.184, -0.635, -0.103, +0.206, -0.119, +0.268, -0.313, -0.157, +0.094, -0.840, +0.165, -0.334, -0.840, -0.014, -0.527, +0.530, -0.984, -0.787, -0.443, -0.487, +1.040, -0.841, +0.739, -0.273, +0.672, -0.248]

Computer 1: [+0.144, -0.018, -0.141, +0.918, -0.184, -0.810, +0.040, +0.274, -0.337, +0.268, -0.313, -0.157, -0.112, -0.840, +0.165, -0.334, -0.850, -0.476, -0.621, +0.530, -1.139, -0.774, -0.443, -0.487, +1.040, -0.841, +0.739, -0.409, +0.486, -0.248]
Computer 2: [+0.144, -0.018, -0.141, +0.918, -0.363, -0.810, -0.103, +0.274, -0.337, +0.268, -0.313, -0.157, +0.094, -0.840, +0.165, -0.224, -0.850, -0.476, -0.552, +0.530, -0.984, -0.774, -0.443, -0.487, +1.040, -0.841, +0.739, -0.409, +0.672, -0.226]

Computer 1: [+0.144, -0.018, -0.196, +0.918, -0.184, -0.810, +0.040, +0.274, -0.337, +0.499, -0.313, -0.086, -0.112, -0.840, +0.080, -0.334, -0.850, -0.657, -0.621, +0.530, -1.139, -0.696, -0.443, -0.487, +1.040, -0.743, +0.739, -0.409, +0.486, -0.248]
Computer 2: [+0.144, -0.055, -0.141, +0.918, -0.363, -0.810, -0.103, +0.274, -0.337, +0.369, -0.313, -0.195, +0.094, -0.840, +0.037, -0.224, -0.850, -0.476, -0.645, +0.530, -0.848, -0.751, -0.443, -0.586, +1.040, -0.841, +0.983, -0.409, +0.672, -0.226]

Computer 1: [+0.144, -0.055, -0.141, +0.918, -0.363, -0.810, -0.103, +0.274, -0.337, +0.369, -0.313, -0.023, +0.094, -0.754, +0.037, -0.334, -0.850, -0.476, -0.645, +0.530, -0.848, -0.751, -0.443, -0.359, +1.040, -0.841, +0.983, -0.452, +0.672, -0.226]
Computer 2: [+0.144, -0.018, -0.196, +0.918, -0.184, -0.810, +0.040, +0.274, -0.337, +0.499, -0.313, -0.086, -0.112, -0.840, +0.080, -0.334, -0.850, -0.657, -0.621, +0.530, -1.139, -0.696, -0.443, -0.487, +1.040, -0.743, +0.739, -0.409, +0.486, -0.248]

Computer 1: [+0.144, -0.018, -0.196, +0.918, -0.184, -0.810, +0.040, +0.274, -0.337, +0.499, -0.313, -0.086, -0.112, -0.840, +0.080, -0.334, -0.850, -0.657, -0.621, +0.530, -1.139, -0.696, -0.443, -0.487, +1.040, -0.743, +0.739, -0.409, +0.486, -0.248]
Computer 2: [+0.144, -0.055, -0.141, +0.918, -0.363, -0.810, -0.103, +0.488, -0.337, +0.369, -0.313, -0.023, +0.094, -0.754, +0.280, -0.334, -0.850, -0.476, -0.645, +0.647, -1.020, -0.633, -0.443, -0.359, +0.833, -0.841, +0.983, -0.452, +0.582, -0.226]

Computer 1: [+0.144, -0.018, -0.196, +0.918, -0.184, -0.810, +0.040, +0.274, -0.337, +0.499, -0.457, -0.086, -0.112, -0.840, +0.182, -0.334, -0.850, -0.657, -0.621, +0.530, -1.376, -0.696, -0.273, -0.487, +1.286, -0.701, +0.537, -0.409, +0.244, -0.248]
Computer 2: [+0.144, -0.018, -0.126, +0.697, -0.184, -0.810, +0.015, +0.274, -0.337, +0.459, -0.313, -0.086, -0.112, -0.840, +0.080, -0.334, -0.850, -0.477, -0.621, +0.530, -1.004, -0.696, -0.443, -0.487, +0.939, -0.743, +0.739, -0.409, +0.486, -0.073]

Computer 1: [+0.144, -0.018, -0.126, +0.679, -0.184, -0.810, +0.015, +0.274, -0.101, +0.459, -0.313, -0.086, -0.112, -0.840, +0.080, -0.334, -1.065, -0.477, -0.621, +0.293, -1.004, -0.696, -0.443, -0.487, +0.939, -0.749, +0.835, -0.409, +0.486, +0.114]
Computer 2: [+0.317, -0.018, -0.320, +0.918, -0.395, -0.810, +0.040, +0.319, -0.337, +0.469, -0.457, -0.086, -0.112, -0.840, +0.182, -0.138, -0.850, -0.657, -0.619, +0.749, -1.376, -0.696, -0.047, -0.493, +1.239, -0.701, +0.537, -0.409, +0.242, -0.248]

Computer 1: [+0.144, +0.030, -0.126, +0.631, -0.184, -0.701, +0.015, +0.274, -0.293, +0.459, -0.313, -0.086, -0.112, -0.840, +0.150, -0.334, -1.065, -0.477, -0.621, +0.293, -1.004, -0.715, -0.443, -0.487, +0.939, -0.749, +0.835, -0.409, +0.486, -0.123]
Computer 2: [+0.144, -0.018, -0.126, +0.679, -0.184, -0.810, +0.015, +0.274, -0.101, +0.459, -0.313, -0.086, -0.112, -0.840, +0.080, -0.334, -0.849, -0.477, -0.621, +0.293, -1.004, -0.696, -0.443, -0.487, +1.146, -0.749, +0.835, -0.635, +0.486, +0.114]

Computer 1: [+0.144, +0.030, -0.126, +0.497, -0.184, -0.701, +0.015, +0.274, -0.094, +0.459, -0.361, -0.086, +0.081, -0.768, +0.150, -0.334, -0.918, -0.471, -0.621, +0.223, -1.004, -0.715, -0.443, -0.487, +0.939, -0.644, +0.835, -0.409, +0.486, +0.031]
Computer 2: [+0.290, +0.030, -0.126, +0.631, -0.184, -0.701, +0.015, +0.358, -0.455, +0.440, -0.313, -0.086, -0.112, -0.827, +0.150, -0.334, -1.122, -0.477, -0.621, +0.293, -1.004, -0.715, -0.443, -0.735, +0.939, -0.571, +0.835, -0.409, +0.486, -0.123]

Computer 1: [+0.313, +0.030, -0.126, +0.497, -0.184, -0.701, +0.015, +0.150, -0.094, +0.459, -0.354, -0.086, +0.081, -0.768, +0.026, -0.118, -0.820, -0.471, -0.621, +0.099, -0.792, -0.715, -0.443, -0.487, +0.939, -0.644, +0.835, -0.409, +0.486, +0.031]
Computer 2: [+0.144, +0.030, -0.126, +0.497, -0.184, -0.701, +0.015, +0.291, -0.094, +0.459, -0.361, -0.326, +0.081, -0.735, +0.150, -0.123, -0.918, -0.471, -0.628, +0.369, -1.004, -0.837, -0.443, -0.487, +0.845, -0.644, +0.835, -0.409, +0.486, +0.031]

Computer 1: [+0.281, -0.564, +0.691, +0.422, -0.880, +0.021, -0.567, +0.286, -0.870, +0.158, -0.650, -0.789, -0.299, -0.383, -0.458, +0.121, -0.402, -0.959, -0.918, -0.051, -0.512, +0.661, +0.768, -0.696, +0.207, -0.134, -0.327, +0.927, +0.292, +0.808]
Computer 2: [+0.144, +0.030, -0.126, +0.497, -0.184, -0.701, +0.015, +0.291, -0.094, +0.459, -0.361, -0.326, +0.081, -0.735, +0.150, -0.123, -0.918, -0.471, -0.628, +0.369, -1.004, -0.837, -0.443, -0.487, +0.845, -0.644, +0.835, -0.409, +0.486, +0.031]

Computer 1: [+0.281, -0.564, +0.691, +0.422, -0.828, +0.021, -0.567, +0.286, -0.870, +0.158, -0.650, -0.789, -0.299, -0.383, -0.458, +0.121, -0.402, -0.959, -0.918, -0.051, -0.512, +0.661, +0.768, -0.696, +0.207, -0.134, -0.327, +0.927, +0.286, +0.808]
Computer 2: [+0.144, +0.030, -0.126, +0.497, -0.184, -0.701, +0.015, +0.291, -0.094, +0.459, -0.361, -0.326, +0.081, -0.735, +0.150, -0.123, -0.918, -0.471, -0.628, +0.369, -1.004, -0.837, -0.443, -0.487, +0.845, -0.644, +0.835, -0.409, +0.486, +0.031]

Computer 1: [+0.281, -0.564, +0.691, +0.194, -0.828, +0.021, -0.567, +0.286, -0.870, +0.158, -0.797, -0.863, -0.451, -0.383, -0.458, +0.121, -0.402, -1.016, -0.918, -0.051, -0.512, +0.739, +0.614, -0.696, +0.207, -0.070, -0.327, +0.927, +0.286, +0.808]
Computer 2: [+0.345, -0.564, +0.469, +0.422, -0.828, +0.021, -0.567, +0.112, -0.870, +0.158, -0.650, -0.789, -0.299, -0.383, -0.458, +0.121, -0.402, -0.959, -0.918, -0.051, -0.512, +0.661, +0.768, -0.696, +0.135, -0.069, -0.336, +0.927, +0.286, +0.581]

Computer 1: [+0.281, -0.564, +0.794, -0.050, -0.828, +0.021, -0.337, +0.286, -0.870, +0.158, -0.797, -0.844, -0.451, -0.383, -0.458, +0.031, -0.402, -1.016, -0.918, -0.051, -0.458, +0.739, +0.614, -0.696, +0.311, -0.070, -0.327, +0.927, +0.500, +0.808]
Computer 2: [+0.281, -0.564, +0.691, +0.194, -0.828, +0.021, -0.567, +0.286, -0.870, +0.158, -0.797, -0.863, -0.451, -0.383, -0.458, +0.121, -0.402, -1.016, -0.918, -0.051, -0.512, +0.739, +0.614, -0.696, +0.207, -0.070, -0.327, +0.927, +0.286, +0.808]

Computer 1: [+0.281, -0.564, +0.794, -0.106, -0.828, +0.021, -0.337, +0.286, -0.870, +0.158, -0.797, -0.916, -0.525, -0.383, -0.458, +0.031, -0.402, -1.016, -0.918, +0.112, -0.458, +0.739, +0.614, -0.696, +0.311, -0.070, -0.327, +0.801, +0.577, +0.808]
Computer 2: [+0.281, -0.628, +0.774, +0.220, -0.938, +0.021, -0.567, +0.156, -0.870, +0.158, -0.797, -0.863, -0.668, -0.383, -0.470, +0.121, -0.402, -1.016, -1.121, +0.138, -0.512, +0.739, +0.614, -0.696, +0.207, -0.070, -0.327, +0.845, +0.286, +0.808]

Computer 1: [+0.281, -0.628, +0.774, +0.220, -0.938, +0.021, -0.567, +0.156, -0.870, +0.158, -0.797, -0.863, -0.668, -0.383, -0.470, +0.121, -0.402, -1.016, -1.121, +0.138, -0.512, +0.739, +0.614, -0.696, +0.207, -0.070, -0.327, +0.845, +0.286, +0.808]
Computer 2: [+0.337, -0.564, +0.651, -0.106, -0.828, +0.021, -0.337, +0.286, -0.870, +0.158, -0.790, -0.916, -0.608, -0.383, -0.458, +0.031, -0.402, -1.016, -0.918, +0.112, -0.458, +0.739, +0.672, -0.696, +0.311, -0.035, -0.327, +0.801, +0.577, +0.808]

Computer 1: [+0.184, -0.564, +0.651, -0.106, -0.828, +0.021, -0.337, +0.286, -0.870, +0.158, -0.790, -1.042, -0.608, -0.383, -0.458, -0.059, -0.515, -1.016, -0.918, +0.112, -0.458, +0.751, +0.806, -0.696, +0.311, -0.035, -0.327, +0.715, +0.577, +0.808]
Computer 2: [+0.337, -0.564, +0.651, -0.106, -0.828, +0.021, -0.337, +0.286, -0.870, +0.158, -0.790, -0.916, -0.608, -0.383, -0.458, +0.031, -0.402, -1.016, -0.918, +0.112, -0.458, +0.739, +0.672, -0.696, +0.311, -0.035, -0.327, +0.801, +0.577, +0.808]

Computer 1: [+0.184, -0.679, +0.651, -0.106, -0.826, +0.021, -0.337, +0.286, -1.092, +0.080, -0.790, -1.042, -0.730, -0.383, -0.458, -0.059, -0.515, -1.016, -0.918, +0.051, -0.458, +0.751, +0.806, -0.818, +0.152, -0.035, -0.327, +0.715, +0.825, +0.808]
Computer 2: [+0.184, -0.564, +0.651, -0.106, -0.890, +0.021, -0.337, +0.286, -0.870, +0.219, -0.790, -1.042, -0.608, -0.383, -0.458, -0.028, -0.515, -1.016, -0.684, +0.112, -0.261, +0.751, +0.806, -0.523, +0.311, -0.233, -0.327, +0.583, +0.577, +0.808]

Computer 1: [+0.184, -0.459, +0.651, -0.106, -1.054, +0.201, -0.337, +0.286, -0.870, +0.219, -0.790, -0.803, -0.608, -0.383, -0.219, -0.028, -0.273, -1.016, -0.684, +0.112, -0.356, +0.751, +0.806, -0.322, +0.506, -0.233, -0.327, +0.583, +0.575, +0.808]
Computer 2: [+0.184, -0.687, +0.651, -0.106, -0.826, +0.021, -0.337, +0.081, -1.092, +0.080, -0.790, -1.042, -0.730, -0.383, -0.458, +0.101, -0.483, -1.016, -0.918, +0.051, -0.458, +0.751, +0.806, -0.818, +0.152, -0.035, -0.268, +0.715, +0.592, +0.808]

Computer 1: [+0.184, -0.459, +0.419, -0.224, -1.217, +0.428, -0.337, +0.517, -0.870, +0.219, -0.570, -0.803, -0.608, -0.383, -0.219, -0.028, -0.273, -1.016, -0.684, -0.120, -0.356, +0.751, +0.806, -0.322, +0.734, -0.233, -0.473, +0.583, +0.575, +0.589]
Computer 2: [+0.184, -0.441, +0.651, -0.106, -1.054, +0.201, -0.337, +0.286, -0.870, +0.219, -1.001, -0.803, -0.608, -0.383, -0.133, -0.028, -0.273, -1.016, -0.684, +0.112, -0.550, +0.751, +0.595, -0.322, +0.600, -0.233, -0.327, +0.583, +0.575, +0.561]

Computer 1: [+0.184, -0.441, +0.651, -0.106, -1.054, +0.201, -0.337, +0.286, -0.870, +0.219, -1.128, -0.803, -0.608, -0.572, -0.133, -0.028, -0.273, -1.016, -0.684, +0.112, -0.402, +0.779, +0.595, -0.454, +0.690, -0.233, -0.103, +0.583, +0.327, +0.561]
Computer 2: [+0.184, -0.459, +0.419, -0.224, -1.217, +0.286, -0.337, +0.517, -0.870, +0.219, -0.570, -0.803, -0.608, -0.383, -0.219, -0.028, -0.432, -1.016, -0.684, -0.120, -0.356, +0.751, +0.778, -0.088, +0.920, -0.233, -0.473, +0.583, +0.575, +0.589]

Computer 1: [+0.184, -0.441, +0.651, -0.106, -1.054, +0.201, -0.337, +0.286, -0.870, +0.219, -1.128, -0.803, -0.608, -0.572, -0.133, -0.028, -0.273, -1.016, -0.684, +0.112, -0.402, +0.779, +0.595, -0.454, +0.690, -0.233, -0.103, +0.583, +0.327, +0.561]
Computer 2: [+0.184, -0.503, +0.651, -0.106, -1.054, +0.079, -0.337, +0.286, -0.870, +0.219, -1.128, -0.868, -0.608, -0.572, -0.133, -0.028, -0.273, -1.016, -0.684, +0.112, -0.402, +0.779, +0.595, -0.454, +0.690, -0.233, -0.103, +0.583, +0.327, +0.561]

Computer 1: [+0.184, -0.653, +0.656, -0.106, -1.294, +0.201, -0.499, +0.060, -0.870, +0.219, -0.924, -0.803, -0.608, -0.572, -0.133, -0.028, -0.273, -0.865, -0.613, +0.112, -0.390, +0.779, +0.595, -0.454, +0.690, -0.233, -0.103, +0.583, +0.327, +0.539]
Computer 2: [+0.184, -0.441, +0.651, -0.106, -1.054, +0.201, -0.337, +0.286, -0.870, +0.219, -1.128, -0.803, -0.608, -0.572, -0.133, -0.028, -0.273, -1.016, -0.684, +0.112, -0.402, +0.779, +0.595, -0.454, +0.690, -0.233, -0.103, +0.583, +0.327, +0.561]

Computer 1: [+0.184, -0.441, +0.651, -0.106, -1.054, +0.201, -0.337, +0.286, -0.870, +0.219, -1.240, -0.803, -0.608, -0.618, -0.133, +0.004, -0.273, -1.016, -0.839, +0.112, -0.402, +0.965, +0.595, -0.454, +0.660, -0.105, -0.103, +0.747, +0.327, +0.561]
Computer 2: [+0.184, -0.701, +0.656, -0.247, -1.294, +0.363, -0.499, +0.060, -0.870, +0.219, -0.924, -0.803, -0.837, -0.572, -0.133, -0.028, -0.317, -0.865, -0.751, +0.112, -0.390, +0.779, +0.595, -0.454, +0.690, -0.407, -0.103, +0.583, +0.327, +0.539]

Computer 1: [+0.081, -0.577, +0.656, -0.158, -1.294, +0.436, -0.499, +0.060, -0.693, +0.219, -0.924, -0.570, -0.837, -0.572, -0.133, +0.139, -0.317, -0.865, -0.881, -0.020, -0.390, +0.779, +0.595, -0.454, +0.690, -0.407, -0.228, +0.583, +0.327, +0.539]
Computer 2: [+0.184, -0.441, +0.651, -0.106, -0.806, +0.201, -0.337, +0.286, -0.813, +0.219, -1.240, -0.803, -0.608, -0.618, -0.133, +0.004, -0.273, -1.016, -0.839, +0.112, -0.402, +0.965, +0.595, -0.454, +0.785, -0.105, -0.103, +0.747, +0.327, +0.561]

Computer 1: [+0.048, -0.345, +0.873, -0.249, -0.849, +0.201, -0.582, +0.523, -0.813, +0.219, -1.235, -0.803, -0.653, -0.618, -0.133, +0.004, -0.253, -1.016, -0.839, +0.112, -0.402, +0.965, +0.595, -0.454, +0.785, -0.082, -0.022, +0.544, +0.327, +0.561]
Computer 2: [+0.081, -0.577, +0.656, -0.158, -1.294, +0.443, -0.455, +0.060, -0.693, +0.219, -0.924, -0.570, -0.837, -0.572, -0.133, +0.139, -0.317, -0.865, -0.881, -0.006, -0.542, +0.779, +0.638, -0.454, +0.690, -0.407, -0.228, +0.479, +0.327, +0.729]

Computer 1: [+0.081, -0.577, +0.656, -0.158, -1.294, +0.443, -0.455, +0.060, -0.507, +0.363, -0.924, -0.570, -0.837, -0.572, -0.133, +0.139, -0.229, -0.865, -0.881, -0.006, -0.542, +0.779, +0.638, -0.454, +0.625, -0.407, -0.228, +0.479, +0.327, +0.729]
Computer 2: [+0.081, -0.577, +0.656, -0.158, -1.294, +0.443, -0.455, +0.060, -0.693, +0.219, -0.924, -0.570, -0.837, -0.572, -0.133, +0.139, -0.317, -0.865, -0.881, -0.006, -0.542, +0.779, +0.638, -0.454, +0.690, -0.407, -0.228, +0.479, +0.327, +0.729]

Computer 1: [+0.081, -0.577, +0.656, -0.158, -1.294, +0.452, -0.455, +0.060, -0.507, +0.363, -0.924, -0.816, -0.837, -0.572, -0.256, +0.379, -0.140, -0.865, -0.881, -0.006, -0.745, +0.890, +0.638, -0.454, +0.793, -0.617, -0.228, +0.479, +0.401, +0.729]
Computer 2: [+0.081, -0.577, +0.656, -0.158, -1.294, +0.299, -0.455, +0.060, -0.554, +0.363, -0.924, -0.570, -0.597, -0.572, -0.133, +0.139, -0.229, -0.865, -0.881, -0.006, -0.542, +0.963, +0.638, -0.454, +0.625, -0.407, -0.228, +0.479, +0.327, +0.620]

Computer 1: [+0.205, -0.577, +0.656, -0.158, -1.294, +0.452, -0.455, +0.060, -0.507, +0.364, -0.924, -1.049, -0.810, -0.539, -0.163, +0.379, -0.140, -0.865, -0.881, +0.019, -0.747, +1.065, +0.399, -0.550, +0.793, -0.617, -0.228, +0.479, +0.332, +0.904]
Computer 2: [+0.046, -0.374, +0.656, -0.158, -1.163, +0.299, -0.455, +0.060, -0.554, +0.363, -0.924, -0.570, -0.597, -0.572, -0.133, +0.139, -0.229, -0.865, -0.881, -0.006, -0.542, +0.963, +0.638, -0.454, +0.548, -0.407, -0.228, +0.479, +0.327, +0.620]

Computer 1: [+0.205, -0.577, +0.510, +0.050, -1.105, +0.452, -0.292, +0.060, -0.507, +0.364, -0.924, -1.049, -0.809, -0.539, -0.163, +0.543, -0.330, -0.865, -0.737, +0.019, -0.747, +1.065, +0.399, -0.550, +0.793, -0.617, -0.448, +0.479, +0.332, +0.904]
Computer 2: [+0.205, -0.577, +0.656, -0.158, -1.294, +0.452, -0.455, +0.060, -0.507, +0.364, -0.924, -1.049, -0.810, -0.449, -0.163, +0.379, -0.140, -0.865, -0.881, +0.019, -0.664, +1.065, +0.472, -0.550, +0.793, -0.835, -0.228, +0.479, +0.332, +0.904]

Computer 1: [+0.205, -0.577, +0.656, -0.158, -1.294, +0.452, -0.455, +0.060, -0.507, +0.364, -0.924, -1.049, -0.810, -0.449, -0.163, +0.379, -0.140, -0.865, -0.881, +0.019, -0.664, +1.065, +0.472, -0.550, +0.793, -0.835, -0.228, +0.479, +0.332, +0.904]
Computer 2: [+0.038, -0.577, +0.510, +0.050, -1.105, +0.283, -0.292, +0.060, -0.752, +0.364, -0.842, -1.021, -0.809, -0.539, -0.163, +0.543, -0.426, -0.865, -0.737, +0.019, -0.714, +1.065, +0.399, -0.550, +0.793, -0.617, -0.448, +0.398, +0.332, +0.904]

Computer 1: [+0.205, -0.577, +0.656, -0.294, -1.294, +0.452, -0.455, +0.060, -0.507, +0.584, -0.924, -1.049, -0.810, -0.449, -0.163, +0.379, +0.043, -0.865, -0.881, +0.019, -0.727, +1.065, +0.472, -0.550, +0.793, -0.835, -0.228, +0.564, +0.332, +0.904]
Computer 2: [+0.205, -0.577, +0.656, -0.158, -1.294, +0.452, -0.455, +0.060, -0.507, +0.364, -0.924, -1.049, -0.810, -0.449, -0.163, +0.379, -0.140, -0.865, -0.881, +0.019, -0.664, +1.065, +0.472, -0.550, +0.793, -0.835, -0.228, +0.479, +0.332, +0.904]

Computer 1: [+0.205, -0.577, +0.656, -0.136, -1.294, +0.452, -0.455, +0.060, -0.507, +0.430, -0.765, -1.049, -0.810, -0.449, -0.163, +0.379, -0.181, -0.934, -0.881, +0.019, -0.664, +1.065, +0.472, -0.550, +0.836, -0.835, -0.228, +0.479, +0.383, +0.904]
Computer 2: [+0.205, -0.577, +0.656, -0.294, -1.294, +0.452, -0.455, +0.060, -0.507, +0.584, -0.924, -1.049, -0.810, -0.449, -0.163, +0.379, +0.043, -0.865, -0.881, +0.019, -0.727, +1.065, +0.472, -0.550, +0.793, -0.835, -0.228, +0.564, +0.332, +0.904]

Computer 1: [+0.205, -0.577, +0.656, -0.294, -1.294, +0.452, -0.455, +0.060, -0.507, +0.584, -0.924, -1.049, -0.810, -0.449, -0.163, +0.379, +0.043, -0.865, -0.881, +0.019, -0.727, +1.065, +0.472, -0.550, +0.793, -0.835, -0.228, +0.564, +0.332, +0.904]
Computer 2: [+0.449, -0.577, +0.656, -0.136, -1.294, +0.452, -0.455, +0.060, -0.507, +0.430, -0.868, -1.075, -0.810, -0.449, -0.163, +0.379, -0.181, -0.934, -0.881, +0.019, -0.664, +1.065, +0.352, -0.550, +0.836, -0.835, -0.228, +0.479, +0.383, +0.904]

Computer 1: [+0.205, -0.577, +0.656, -0.294, -1.294, +0.452, -0.455, +0.060, -0.507, +0.584, -0.924, -1.049, -0.810, -0.449, -0.163, +0.379, +0.043, -0.865, -0.881, +0.019, -0.727, +1.065, +0.472, -0.550, +0.793, -0.835, -0.228, +0.564, +0.332, +0.904]
Computer 2: [+0.449, -0.577, +0.656, -0.136, -1.294, +0.452, -0.365, -0.100, -0.507, +0.430, -0.868, -0.931, -0.810, -0.255, -0.381, +0.379, -0.145, -0.934, -0.881, +0.264, -0.776, +1.186, +0.352, -0.550, +0.836, -0.907, -0.228, +0.479, +0.300, +1.086]

Computer 1: [+0.205, -0.577, +0.656, -0.294, -1.254, +0.452, -0.455, +0.060, -0.507, +0.584, -0.924, -0.932, -0.831, -0.449, -0.163, +0.379, +0.043, -0.865, -0.881, +0.019, -0.727, +1.065, +0.442, -0.550, +0.793, -0.668, -0.228, +0.564, +0.332, +0.904]
Computer 2: [+0.449, -0.577, +0.656, -0.136, -1.294, +0.452, -0.365, -0.100, -0.735, +0.430, -0.643, -0.931, -0.810, -0.255, -0.220, +0.333, -0.145, -0.934, -0.881, +0.264, -0.776, +1.186, +0.179, -0.785, +0.901, -0.907, -0.228, +0.453, +0.300, +1.086]

Computer 1: [+0.205, -0.577, +0.656, -0.294, -1.254, +0.452, -0.455, +0.060, -0.507, +0.584, -0.924, -0.932, -0.831, -0.449, -0.163, +0.379, +0.043, -0.865, -0.881, +0.019, -0.727, +1.065, +0.442, -0.550, +0.793, -0.668, -0.228, +0.564, +0.332, +0.904]
Computer 2: [+0.205, -0.577, +0.656, -0.294, -1.254, +0.452, -0.455, +0.060, -0.507, +0.584, -0.924, -0.932, -0.831, -0.283, -0.163, +0.379, +0.043, -0.865, -0.881, +0.242, -0.727, +1.065, +0.442, -0.550, +0.793, -0.668, -0.228, +0.564, +0.332, +0.904]

Computer 1: [+0.205, -0.577, +0.656, -0.294, -1.254, +0.452, -0.455, +0.060, -0.507, +0.584, -0.924, -0.932, -0.831, -0.449, -0.163, +0.379, +0.043, -0.865, -0.881, +0.019, -0.727, +1.065, +0.442, -0.550, +0.793, -0.668, -0.228, +0.564, +0.332, +0.904]
Computer 2: [+0.103, -0.577, +0.656, -0.294, -1.254, +0.452, -0.455, +0.060, -0.507, +0.584, -0.924, -1.071, -0.755, -0.449, -0.115, +0.379, +0.043, -0.865, -0.881, -0.047, -0.727, +1.065, +0.442, -0.550, +0.822, -0.668, -0.228, +0.564, +0.332, +0.904]

Computer 1: [+0.103, -0.577, +0.656, -0.294, -1.254, +0.452, -0.455, +0.060, -0.507, +0.400, -1.122, -1.071, -0.755, -0.449, -0.115, +0.379, +0.043, -0.865, -0.881, -0.047, -0.727, +1.065, +0.297, -0.550, +0.701, -0.707, -0.228, +0.564, +0.332, +0.769]
Computer 2: [+0.205, -0.577, +0.656, -0.294, -1.254, +0.452, -0.455, +0.060, -0.507, +0.584, -0.924, -0.932, -0.831, -0.449, -0.163, +0.379, +0.043, -0.865, -0.881, +0.019, -0.727, +1.065, +0.442, -0.550, +0.793, -0.668, -0.228, +0.564, +0.332, +0.904]

Computer 1: [+0.205, -0.530, +0.656, -0.076, -1.254, +0.452, -0.455, +0.060, -0.612, +0.581, -0.924, -0.765, -0.819, -0.432, -0.163, +0.316, +0.043, -0.865, -0.881, +0.019, -0.727, +1.065, +0.442, -0.550, +0.581, -0.668, -0.228, +0.564, +0.332, +0.904]
Computer 2: [+0.103, -0.577, +0.656, -0.218, -1.254, +0.635, -0.455, +0.060, -0.507, +0.316, -0.946, -1.071, -0.755, -0.449, -0.115, +0.379, +0.043, -0.903, -0.881, -0.047, -0.727, +1.050, +0.297, -0.550, +0.701, -0.707, -0.228, +0.558, +0.224, +0.580]

Computer 1: [+0.103, -0.577, +0.656, -0.384, -1.254, +0.635, -0.455, +0.060, -0.507, +0.316, -0.946, -1.071, -0.755, -0.449, -0.115, +0.379, +0.043, -0.695, -0.969, -0.047, -0.727, +1.050, +0.297, -0.550, +0.546, -0.892, -0.228, +0.344, +0.224, +0.580]
Computer 2: [+0.205, -0.530, +0.656, -0.076, -1.254, +0.452, -0.455, +0.060, -0.612, +0.581, -0.924, -0.765, -0.819, -0.432, -0.163, +0.316, +0.043, -0.865, -0.881, +0.019, -0.727, +1.065, +0.442, -0.550, +0.581, -0.668, -0.228, +0.564, +0.332, +0.904]

Computer 1: [+0.205, -0.530, +0.656, -0.076, -1.254, +0.452, -0.455, -0.010, -0.703, +0.336, -0.943, -0.765, -0.819, -0.432, -0.163, +0.227, +0.043, -0.706, -0.881, +0.265, -0.577, +1.065, +0.442, -0.550, +0.581, -0.668, -0.228, +0.564, +0.332, +0.904]
Computer 2: [+0.205, -0.530, +0.656, -0.076, -1.254, +0.452, -0.455, +0.060, -0.612, +0.581, -0.924, -0.765, -0.819, -0.432, -0.163, +0.316, +0.043, -0.865, -0.881, +0.019, -0.727, +1.065, +0.442, -0.550, +0.581, -0.668, -0.228, +0.564, +0.332, +0.904]

Computer 1: [+0.319, -0.691, +0.656, -0.076, -1.254, +0.665, -0.537, +0.060, -0.540, +0.674, -0.924, -0.765, -0.819, -0.432, -0.163, +0.316, +0.043, -0.865, -1.080, +0.019, -0.727, +1.284, +0.329, -0.654, +0.581, -0.668, -0.118, +0.564, +0.332, +0.904]
Computer 2: [+0.205, -0.530, +0.656, -0.076, -1.254, +0.452, -0.455, +0.060, -0.612, +0.581, -0.924, -0.765, -0.819, -0.432, -0.163, +0.316, +0.043, -0.865, -0.881, +0.019, -0.727, +1.065, +0.442, -0.550, +0.581, -0.668, -0.228, +0.564, +0.332, +0.904]

Computer 1: [+0.319, -0.691, +0.656, -0.076, -1.254, +0.665, -0.537, +0.060, -0.540, +0.674, -0.924, -0.765, -0.819, -0.432, -0.163, +0.316, +0.043, -0.865, -1.080, +0.019, -0.727, +1.284, +0.329, -0.654, +0.581, -0.668, -0.118, +0.564, +0.332, +0.904]
Computer 2: [+0.319, -0.795, +0.656, -0.076, -1.254, +0.665, -0.537, +0.060, -0.540, +0.869, -0.924, -0.765, -0.819, -0.587, -0.254, +0.316, +0.043, -0.865, -1.080, +0.109, -0.727, +1.284, +0.333, -0.654, +0.581, -0.668, -0.270, +0.564, +0.326, +0.904]

Computer 1: [+0.319, -0.795, +0.656, -0.076, -1.145, +0.830, -0.537, +0.060, -0.540, +0.754, -0.924, -0.633, -0.819, -0.587, -0.254, +0.316, +0.043, -0.792, -1.080, +0.109, -0.727, +1.335, +0.333, -0.654, +0.581, -0.668, -0.270, +0.564, +0.326, +0.904]
Computer 2: [+0.319, -0.691, +0.734, +0.002, -1.254, +0.665, -0.537, -0.069, -0.540, +0.674, -0.924, -0.765, -0.684, -0.651, -0.163, +0.316, +0.043, -0.865, -1.080, +0.019, -0.727, +1.284, +0.412, -0.654, +0.762, -0.668, -0.118, +0.564, +0.332, +0.904]

Computer 1: [+0.319, -0.907, +0.734, -0.108, -1.254, +0.665, -0.537, -0.132, -0.430, +0.674, -0.924, -0.957, -0.601, -0.717, -0.098, +0.316, +0.217, -0.865, -1.080, +0.019, -0.727, +1.284, +0.412, -0.654, +0.762, -0.682, -0.118, +0.564, +0.332, +0.904]
Computer 2: [+0.532, -0.691, +0.752, +0.238, -1.254, +0.665, -0.537, -0.069, -0.540, +0.674, -0.688, -0.765, -0.523, -0.450, -0.163, +0.316, +0.043, -1.114, -1.080, -0.057, -0.727, +1.284, +0.412, -0.654, +0.762, -0.668, -0.118, +0.564, +0.438, +0.904]

Computer 1: [+0.435, -0.907, +0.751, +0.123, -1.254, +0.665, -0.537, -0.132, -0.643, +0.674, -1.052, -0.957, -0.601, -0.717, -0.098, +0.316, +0.217, -0.865, -1.080, +0.019, -0.727, +1.284, +0.412, -0.425, +0.762, -0.682, -0.118, +0.632, +0.332, +0.904]
Computer 2: [+0.532, -0.691, +0.752, +0.238, -1.254, +0.665, -0.537, -0.069, -0.540, +0.674, -0.688, -0.765, -0.523, -0.450, -0.163, +0.316, +0.043, -1.114, -1.080, -0.057, -0.727, +1.284, +0.412, -0.654, +0.762, -0.668, -0.118, +0.564, +0.438, +0.904]

Computer 1: [+0.532, -0.691, +0.752, +0.238, -1.254, +0.665, -0.537, -0.069, -0.540, +0.674, -0.688, -0.765, -0.523, -0.450, -0.163, +0.316, +0.043, -1.114, -1.080, -0.057, -0.727, +1.284, +0.412, -0.654, +0.762, -0.668, -0.118, +0.564, +0.438, +0.904]
Computer 2: [+0.435, -0.907, +0.751, +0.123, -1.301, +0.665, -0.537, +0.025, -0.643, +0.528, -1.052, -0.957, -0.601, -0.717, -0.098, +0.316, +0.217, -0.865, -1.080, +0.019, -0.727, +1.284, +0.412, -0.425, +0.762, -0.682, -0.155, +0.632, +0.332, +0.904]

Computer 1: [+0.237, -0.907, +0.751, +0.123, -1.301, +0.665, -0.537, +0.025, -0.643, +0.469, -1.052, -0.957, -0.601, -0.717, -0.098, +0.520, +0.311, -0.865, -1.106, +0.019, -0.727, +1.284, +0.412, -0.425, +0.762, -0.682, -0.155, +0.632, +0.332, +0.904]
Computer 2: [+0.435, -0.907, +0.751, +0.123, -1.301, +0.665, -0.537, +0.025, -0.643, +0.528, -1.052, -0.957, -0.601, -0.717, -0.098, +0.316, +0.217, -0.865, -1.080, +0.019, -0.727, +1.284, +0.412, -0.425, +0.762, -0.682, -0.155, +0.632, +0.332, +0.904]

Computer 1: [+0.237, -0.907, +0.751, +0.316, -1.301, +0.665, -0.537, +0.025, -0.643, +0.469, -1.052, -0.957, -0.601, -0.717, -0.098, +0.520, +0.311, -1.052, -1.106, +0.019, -0.727, +1.293, +0.352, -0.425, +0.762, -0.910, -0.155, +0.632, +0.204, +0.904]
Computer 2: [+0.435, -0.851, +0.751, +0.123, -1.301, +0.665, -0.537, +0.025, -0.643, +0.528, -1.052, -0.957, -0.601, -0.717, -0.030, +0.316, +0.217, -0.865, -1.154, +0.210, -0.805, +1.507, +0.412, -0.425, +0.705, -0.777, -0.293, +0.402, +0.332, +0.904]

Computer 1: [+0.237, -0.907, +0.796, +0.380, -1.301, +0.813, -0.537, +0.025, -0.643, +0.481, -1.052, -0.957, -0.374, -0.597, +0.044, +0.520, +0.311, -1.052, -1.346, +0.143, -0.727, +1.293, +0.352, -0.609, +0.844, -0.910, -0.155, +0.865, +0.421, +0.904]
Computer 2: [+0.435, -0.851, +0.751, +0.123, -1.301, +0.665, -0.537, +0.025, -0.643, +0.528, -1.221, -0.957, -0.601, -0.717, -0.030, +0.291, +0.217, -0.865, -1.154, +0.210, -0.805, +1.507, +0.412, -0.425, +0.721, -0.777, -0.293, +0.464, +0.332, +0.767]

Computer 1: [+0.435, -0.851, +0.751, +0.123, -1.301, +0.665, -0.537, +0.025, -0.493, +0.301, -1.221, -0.957, -0.601, -0.717, -0.030, +0.419, +0.217, -0.865, -1.154, +0.259, -0.805, +1.507, +0.412, -0.425, +0.721, -0.777, -0.293, +0.554, +0.332, +0.767]
Computer 2: [+0.435, -0.851, +0.586, +0.123, -1.301, +0.665, -0.537, +0.025, -0.643, +0.692, -1.221, -0.957, -0.690, -0.717, -0.030, +0.291, +0.106, -0.865, -1.213, +0.210, -0.805, +1.396, +0.412, -0.425, +0.721, -0.777, -0.446, +0.464, +0.332, +0.767]

Computer 1: [+0.435, -0.851, +0.751, +0.123, -1.301, +0.665, -0.674, +0.025, -0.493, +0.475, -1.221, -0.957, -0.736, -0.717, -0.072, +0.419, +0.217, -1.103, -1.154, +0.175, -0.805, +1.507, +0.412, -0.425, +0.747, -0.691, -0.101, +0.471, +0.332, +0.767]
Computer 2: [+0.435, -0.851, +0.751, +0.123, -1.301, +0.665, -0.537, +0.025, -0.493, +0.301, -1.221, -0.957, -0.601, -0.717, -0.030, +0.419, +0.217, -0.865, -1.154, +0.259, -0.805, +1.507, +0.412, -0.425, +0.721, -0.777, -0.293, +0.554, +0.332, +0.767]

Computer 1: [+0.435, -0.851, +0.751, +0.123, -1.301, +0.665, -0.501, -0.095, -0.493, +0.301, -1.221, -0.957, -0.601, -0.717, -0.030, +0.419, +0.217, -0.865, -1.154, +0.259, -0.805, +1.507, +0.412, -0.425, +0.721, -0.777, -0.416, +0.554, +0.281, +0.767]
Computer 2: [+0.466, -0.851, +0.751, +0.123, -1.301, +0.665, -0.537, +0.025, -0.344, +0.301, -1.221, -0.957, -0.601, -0.717, -0.030, +0.577, +0.217, -0.664, -1.154, +0.259, -0.805, +1.507, +0.412, -0.219, +0.721, -0.777, -0.293, +0.720, +0.332, +0.809]

Computer 1: [+0.466, -0.851, +0.751, -0.018, -1.542, +0.665, -0.537, +0.025, -0.148, +0.301, -1.221, -0.854, -0.691, -0.648, -0.030, +0.577, +0.217, -0.664, -1.154, +0.259, -0.805, +1.507, +0.412, -0.219, +0.721, -0.777, -0.334, +0.720, +0.332, +0.809]
Computer 2: [+0.707, -0.851, +0.539, +0.123, -1.453, +0.662, -0.537, +0.025, -0.344, +0.498, -1.221, -0.957, -0.601, -0.717, -0.030, +0.751, +0.217, -0.664, -1.340, +0.259, -0.805, +1.507, +0.412, -0.219, +0.721, -0.741, -0.400, +0.720, +0.332, +0.809]

Computer 1: [+0.466, -0.879, +0.751, +0.146, -1.542, +0.665, -0.537, +0.025, +0.067, +0.301, -1.221, -0.854, -0.691, -0.648, -0.030, +0.678, +0.217, -0.552, -1.154, +0.117, -0.805, +1.507, +0.412, -0.219, +0.721, -0.937, -0.334, +0.720, +0.317, +0.809]
Computer 2: [+0.327, -0.851, +0.751, -0.018, -1.542, +0.665, -0.537, +0.025, -0.148, +0.301, -1.221, -0.977, -0.691, -0.648, -0.030, +0.599, +0.217, -0.848, -1.154, +0.059, -0.813, +1.507, +0.412, -0.219, +0.721, -0.777, -0.140, +0.720, +0.332, +0.620]

Computer 1: [+0.466, -0.776, +0.751, +0.146, -1.653, +0.665, -0.537, +0.110, +0.067, +0.301, -1.221, -0.903, -0.850, -0.845, -0.030, +0.678, +0.217, -0.552, -1.154, +0.117, -0.805, +1.507, +0.217, -0.219, +0.721, -0.838, -0.334, +0.943, +0.317, +0.809]
Computer 2: [+0.575, -0.879, +0.751, +0.146, -1.552, +0.665, -0.537, -0.144, +0.067, +0.079, -1.221, -0.854, -0.691, -0.648, -0.030, +0.678, +0.048, -0.552, -1.154, +0.117, -0.805, +1.507, +0.412, -0.219, +0.738, -0.937, -0.334, +0.560, +0.317, +0.809]

Computer 1: [+0.575, -0.879, +0.751, +0.146, -1.340, +0.665, -0.537, -0.104, +0.067, +0.079, -1.221, -0.854, -0.691, -0.648, -0.030, +0.765, +0.048, -0.552, -0.958, +0.117, -0.805, +1.507, +0.412, -0.394, +0.738, -0.937, -0.325, +0.360, +0.317, +0.809]
Computer 2: [+0.466, -0.776, +0.751, +0.146, -1.653, +0.665, -0.537, +0.237, +0.067, +0.301, -1.221, -0.903, -0.850, -0.885, -0.030, +0.678, +0.217, -0.552, -1.154, +0.117, -0.805, +1.507, +0.071, -0.219, +0.958, -0.776, -0.334, +0.943, +0.317, +0.912]

Computer 1: [+0.466, -0.776, +0.672, +0.268, -1.653, +0.648, -0.537, +0.259, -0.140, +0.301, -1.221, -0.903, -0.850, -0.885, -0.030, +0.678, +0.217, -0.552, -1.271, +0.117, -0.693, +1.507, -0.032, -0.219, +0.958, -0.776, -0.334, +0.943, +0.147, +0.811]
Computer 2: [+0.336, -0.776, +0.751, +0.188, -1.897, +0.665, -0.480, +0.237, +0.067, +0.301, -1.221, -0.903, -0.850, -0.675, -0.030, +0.678, +0.090, -0.552, -1.154, -0.045, -0.791, +1.507, +0.071, -0.219, +0.996, -0.776, -0.475, +0.947, +0.317, +0.912]

Computer 1: [+0.466, -0.776, +0.672, +0.268, -1.653, +0.648, -0.537, +0.259, -0.140, +0.301, -1.221, -0.903, -0.850, -0.885, -0.030, +0.678, +0.217, -0.552, -1.271, +0.117, -0.693, +1.507, -0.032, -0.219, +0.958, -0.776, -0.334, +0.943, +0.147, +0.811]
Computer 2: [+0.187, -0.681, +0.751, +0.188, -1.897, +0.665, -0.480, +0.237, +0.067, +0.436, -1.221, -0.903, -0.850, -0.675, -0.030, +0.526, +0.090, -0.552, -1.154, -0.045, -0.791, +1.507, +0.071, -0.219, +0.996, -0.776, -0.475, +0.947, +0.333, +0.663]

Computer 1: [+0.187, -0.681, +0.751, +0.188, -1.897, +0.841, -0.480, +0.237, +0.067, +0.323, -1.221, -0.903, -0.850, -0.675, -0.030, +0.526, +0.090, -0.552, -1.039, -0.045, -0.791, +1.611, +0.066, -0.219, +0.962, -0.563, -0.475, +0.819, +0.333, +0.663]
Computer 2: [+0.466, -0.776, +0.672, +0.268, -1.653, +0.648, -0.537, +0.259, -0.140, +0.301, -1.221, -0.903, -0.850, -0.885, -0.030, +0.678, +0.217, -0.552, -1.271, +0.117, -0.693, +1.507, -0.032, -0.219, +0.958, -0.776, -0.334, +0.943, +0.147, +0.811]

Computer 1: [+0.187, -0.681, +0.751, +0.188, -1.897, +0.841, -0.480, +0.237, +0.067, +0.323, -1.221, -0.903, -0.850, -0.675, -0.030, +0.526, +0.090, -0.552, -1.039, -0.045, -0.791, +1.611, +0.066, -0.219, +0.962, -0.563, -0.475, +0.819, +0.333, +0.663]
Computer 2: [+0.187, -0.681, +0.751, +0.410, -2.144, +0.906, -0.480, +0.237, +0.067, +0.323, -1.221, -0.903, -0.850, -0.675, -0.108, +0.458, +0.090, -0.552, -1.243, -0.045, -0.791, +1.611, +0.066, -0.219, +0.962, -0.563, -0.475, +0.819, +0.101, +0.610]

Computer 1: [+0.187, -0.681, +0.716, +0.063, -1.809, +0.841, -0.480, +0.269, +0.067, +0.323, -1.274, -0.903, -0.850, -0.675, -0.030, +0.663, +0.090, -0.552, -1.039, -0.045, -0.580, +1.611, +0.144, -0.219, +0.962, -0.563, -0.475, +0.819, +0.333, +0.663]
Computer 2: [+0.187, -0.681, +0.751, +0.188, -1.897, +0.841, -0.480, +0.237, +0.067, +0.323, -1.221, -0.903, -0.850, -0.675, -0.030, +0.526, +0.090, -0.552, -1.039, -0.045, -0.791, +1.611, +0.066, -0.219, +0.962, -0.563, -0.475, +0.819, +0.333, +0.663]

Computer 1: [+0.255, -0.681, +0.707, +0.063, -1.809, +0.673, -0.641, +0.269, +0.067, +0.323, -1.274, -0.903, -0.850, -0.675, -0.002, +0.663, +0.246, -0.336, -1.039, -0.081, -0.580, +1.611, +0.144, -0.219, +0.962, -0.470, -0.610, +0.984, +0.293, +0.663]
Computer 2: [+0.573, -0.808, +0.475, +0.601, -0.624, -0.634, -0.946, +0.703, +0.373, -0.525, +0.586, -0.882, -0.931, +0.839, -0.431, +0.279, -0.579, +0.968, +0.274, -0.771, +0.535, -0.942, -0.351, +0.469, +0.168, +0.373, +0.844, -0.813, +0.184, +0.987]

Computer 1: [+0.255, -0.681, +0.707, +0.063, -1.809, +0.673, -0.641, +0.267, +0.067, +0.266, -1.274, -0.903, -0.850, -0.587, -0.002, +0.663, +0.246, -0.336, -1.039, -0.081, -0.580, +1.611, +0.144, -0.219, +0.962, -0.470, -0.610, +0.984, +0.293, +0.607]
Computer 2: [+0.255, -0.681, +0.707, +0.063, -1.809, +0.673, -0.641, +0.269, +0.067, +0.323, -1.274, -0.903, -0.850, -0.675, -0.002, +0.663, +0.246, -0.336, -1.039, -0.081, -0.580, +1.611, +0.144, -0.219, +0.962, -0.470, -0.610, +0.984, +0.293, +0.663]

Computer 1: [+0.255, -0.681, +0.707, +0.063, -1.809, +0.673, -0.481, +0.269, +0.067, +0.308, -1.274, -0.903, -0.850, -0.494, -0.002, +0.664, +0.246, -0.336, -0.935, -0.081, -0.672, +1.611, +0.144, -0.219, +0.899, -0.312, -0.610, +0.751, +0.115, +0.663]
Computer 2: [+0.255, -0.681, +0.764, +0.063, -1.860, +0.673, -0.641, +0.267, +0.067, +0.266, -1.274, -0.903, -0.850, -0.587, -0.002, +0.894, +0.246, -0.317, -1.039, -0.081, -0.580, +1.611, +0.289, -0.322, +0.757, -0.289, -0.384, +0.984, +0.293, +0.607]

Computer 1: [+0.095, -0.681, +0.764, +0.063, -1.860, +0.673, -0.641, +0.090, +0.040, +0.501, -1.100, -0.903, -1.060, -0.587, -0.002, +0.894, +0.077, -0.185, -1.039, -0.081, -0.580, +1.462, +0.289, -0.322, +0.757, -0.289, -0.384, +0.867, +0.293, +0.607]
Computer 2: [+0.255, -0.596, +0.707, +0.063, -1.809, +0.673, -0.481, +0.269, +0.067, +0.308, -1.033, -0.706, -0.850, -0.494, -0.187, +0.664, +0.492, -0.336, -0.780, +0.035, -0.672, +1.611, +0.291, -0.219, +0.759, -0.312, -0.604, +0.751, +0.115, +0.663]

Computer 1: [+0.255, -0.596, +0.582, +0.063, -1.809, +0.673, -0.481, +0.269, +0.067, +0.308, -1.033, -0.706, -0.850, -0.494, -0.187, +0.664, +0.492, -0.094, -0.624, -0.051, -0.861, +1.611, +0.291, -0.219, +0.759, -0.312, -0.604, +0.509, -0.134, +0.488]
Computer 2: [+0.383, -0.596, +0.707, +0.063, -1.809, +0.673, -0.565, +0.269, +0.067, +0.308, -1.033, -0.706, -0.850, -0.494, -0.187, +0.664, +0.492, -0.336, -0.780, +0.035, -0.672, +1.749, +0.291, -0.073, +0.759, -0.312, -0.529, +0.751, +0.115, +0.663]

Computer 1: [+0.390, -0.596, +0.707, +0.063, -1.584, +0.673, -0.483, +0.269, +0.242, +0.484, -0.895, -0.706, -0.850, -0.494, -0.187, +0.664, +0.492, -0.336, -0.780, +0.035, -0.672, +1.749, +0.291, -0.073, +0.759, -0.312, -0.529, +0.751, -0.115, +0.663]
Computer 2: [+0.223, -0.596, +0.582, +0.063, -1.809, +0.781, -0.528, +0.269, -0.055, +0.308, -0.891, -0.858, -0.850, -0.434, -0.187, +0.664, +0.492, -0.094, -0.624, -0.051, -0.861, +1.611, +0.529, -0.219, +0.759, -0.312, -0.604, +0.509, -0.134, +0.488]

Computer 1: [+0.390, -0.596, +0.707, +0.063, -1.568, +0.652, -0.483, +0.269, +0.242, +0.484, -0.895, -0.706, -0.850, -0.494, -0.187, +0.560, +0.492, -0.336, -0.780, +0.246, -0.672, +1.964, +0.291, -0.191, +0.759, -0.293, -0.529, +0.751, -0.281, +0.834]
Computer 2: [+0.390, -0.596, +0.707, +0.063, -1.656, +0.446, -0.483, +0.269, +0.036, +0.484, -0.895, -0.706, -1.048, -0.622, -0.396, +0.664, +0.492, -0.336, -0.780, +0.035, -0.788, +1.558, +0.291, +0.038, +0.759, -0.312, -0.529, +0.751, -0.115, +0.663]

Computer 1: [+0.390, -0.596, +0.707, +0.063, -1.568, +0.652, -0.483, +0.459, +0.242, +0.484, -0.895, -0.706, -0.714, -0.494, -0.187, +0.630, +0.492, -0.336, -0.780, +0.246, -0.672, +1.964, +0.291, -0.191, +0.759, -0.293, -0.721, +0.751, -0.281, +0.834]
Computer 2: [+0.390, -0.596, +0.707, +0.063, -1.656, +0.446, -0.483, +0.269, +0.036, +0.484, -0.895, -0.706, -1.048, -0.622, -0.396, +0.664, +0.492, -0.336, -0.780, +0.035, -0.788, +1.558, +0.291, +0.038, +0.759, -0.312, -0.529, +0.751, -0.115, +0.663]

Computer 1: [+0.390, -0.596, +0.707, +0.063, -1.568, +0.776, -0.483, +0.459, +0.242, +0.484, -0.895, -0.835, -0.714, -0.494, -0.187, +0.630, +0.492, -0.336, -0.594, +0.246, -0.520, +1.964, +0.291, -0.191, +0.759, -0.293, -0.721, +0.751, -0.281, +0.834]
Computer 2: [+0.390, -0.596, +0.707, +0.063, -1.568, +0.862, -0.483, +0.459, +0.242, +0.554, -0.895, -0.706, -0.714, -0.494, -0.187, +0.630, +0.533, -0.336, -0.780, +0.260, -0.672, +1.964, +0.328, -0.191, +0.759, -0.293, -0.721, +0.561, -0.281, +0.834]

Computer 1: [+0.390, -0.596, +0.707, +0.063, -1.568, +0.776, -0.483, +0.459, +0.242, +0.484, -0.895, -0.835, -0.714, -0.494, -0.187, +0.630, +0.492, -0.336, -0.594, +0.246, -0.520, +1.964, +0.291, -0.191, +0.759, -0.293, -0.721, +0.751, -0.281, +0.834]
Computer 2: [+0.390, -0.596, +0.707, +0.063, -1.568, +0.748, -0.483, +0.459, +0.242, +0.484, -0.895, -0.837, -0.714, -0.700, +0.039, +0.630, +0.406, -0.336, -0.594, +0.246, -0.520, +1.964, +0.291, -0.191, +0.759, -0.293, -0.721, +0.751, -0.281, +0.750]

Computer 1: [+0.462, -0.596, +0.707, +0.063, -1.620, +0.651, -0.474, +0.459, +0.242, +0.484, -0.895, -0.837, -0.714, -0.700, +0.156, +0.630, +0.309, -0.336, -0.594, +0.246, -0.520, +1.964, +0.291, -0.200, +0.629, -0.293, -0.721, +0.942, -0.266, +0.750]
Computer 2: [+0.416, -0.596, +0.838, +0.310, -1.693, +0.776, -0.523, +0.700, +0.321, +0.484, -0.895, -1.073, -0.714, -0.494, -0.187, +0.630, +0.492, -0.336, -0.594, +0.246, -0.520, +1.723, +0.291, -0.191, +0.759, -0.293, -0.721, +0.751, -0.281, +1.023]

Computer 1: [+0.462, -0.596, +0.707, +0.063, -1.620, +0.651, -0.474, +0.459, +0.242, +0.484, -0.895, -0.837, -0.714, -0.700, +0.156, +0.630, +0.309, -0.336, -0.594, +0.246, -0.520, +1.964, +0.291, -0.200, +0.629, -0.293, -0.721, +0.942, -0.266, +0.750]
Computer 2: [+0.409, -0.596, +0.530, +0.063, -1.620, +0.651, -0.474, +0.459, +0.323, +0.484, -0.895, -0.837, -0.618, -0.700, +0.156, +0.866, +0.309, -0.336, -0.351, +0.260, -0.520, +1.964, +0.291, -0.200, +0.781, -0.293, -0.721, +0.942, -0.306, +0.750]

Computer 1: [+0.462, -0.596, +0.707, +0.063, -1.620, +0.651, -0.474, +0.459, +0.486, +0.460, -0.895, -0.837, -0.491, -0.700, +0.156, +0.660, +0.450, -0.336, -0.594, +0.246, -0.524, +1.758, +0.291, -0.200, +0.773, -0.293, -0.921, +0.942, -0.039, +0.750]
Computer 2: [+0.462, -0.779, +0.707, -0.150, -1.620, +0.651, -0.474, +0.459, +0.242, +0.484, -0.895, -0.837, -0.540, -0.700, +0.156, +0.630, +0.309, -0.336, -0.594, +0.142, -0.520, +1.964, +0.291, -0.200, +0.629, -0.293, -0.721, +0.942, -0.031, +0.750]

Computer 1: [+0.462, -0.779, +0.707, +0.044, -1.628, +0.651, -0.263, +0.410, +0.242, +0.484, -0.895, -0.837, -0.540, -0.700, +0.156, +0.630, +0.309, -0.336, -0.594, +0.109, -0.520, +1.964, +0.166, -0.268, +0.760, -0.293, -0.724, +0.942, -0.031, +0.750]
Computer 2: [+0.462, -0.596, +0.707, +0.063, -1.620, +0.691, -0.474, +0.459, +0.486, +0.460, -0.895, -0.681, -0.601, -0.852, +0.156, +0.660, +0.450, -0.336, -0.594, +0.246, -0.772, +1.758, +0.137, -0.200, +0.773, -0.067, -0.921, +0.942, -0.039, +0.750]

Computer 1: [+0.462, -0.808, +0.568, +0.063, -1.620, +0.691, -0.474, +0.459, +0.468, +0.460, -0.773, -0.681, -0.601, -0.852, +0.156, +0.660, +0.450, -0.336, -0.594, +0.246, -0.772, +1.758, +0.137, -0.200, +0.773, +0.122, -0.840, +0.871, -0.039, +0.750]
Computer 2: [+0.572, -0.596, +0.707, +0.070, -1.620, +0.691, -0.474, +0.300, +0.486, +0.460, -0.768, -0.681, -0.601, -0.734, +0.156, +0.660, +0.450, -0.336, -0.694, +0.481, -0.540, +1.811, +0.362, -0.200, +0.987, -0.067, -0.921, +0.942, -0.135, +0.750]
